[gd_scene load_steps=9 format=2]

[ext_resource path="res://models/info_player_start.tscn" type="PackedScene" id=1]
[ext_resource path="res://materials/dev/dev_text03/TestWall.tres" type="Material" id=2]
[ext_resource path="res://materials/dev/dev_text01/TestWall.tres" type="Material" id=3]
[ext_resource path="res://materials/dev/dev_text02/TestWall.tres" type="Material" id=4]
[ext_resource path="res://maps/c1a0_scale_model.tscn" type="PackedScene" id=5]
[ext_resource path="res://filter.gd" type="Script" id=6]
[ext_resource path="res://maps/npc_barney.gd" type="Script" id=7]

[sub_resource type="CapsuleShape" id=1]
radius = 0.514688
height = 0.975142

[node name="mp_level" type="Spatial"]

[node name="ViewportContainer" type="ViewportContainer" parent="."]
margin_right = 640.0
margin_bottom = 480.0
stretch = true
script = ExtResource( 6 )
__meta__ = {
"_edit_use_anchors_": false
}
egg = true

[node name="Viewport" type="Viewport" parent="ViewportContainer"]
size = Vector2( 640, 480 )
size_override_stretch = true
handle_input_locally = false
render_target_update_mode = 3

[node name="Player" parent="ViewportContainer/Viewport" instance=ExtResource( 1 )]

[node name="game intro" type="Spatial" parent="."]

[node name="CSGBox5" type="CSGBox" parent="game intro"]
transform = Transform( -1, 0, -8.74228e-08, 0, 1, 0, 8.74228e-08, 0, -1, -0.339512, -0.340441, 3.3014 )
use_collision = true
width = 4.70102
height = 1.64179
depth = 0.456026
material = ExtResource( 2 )

[node name="CSGBox6" type="CSGBox" parent="game intro"]
transform = Transform( -1, 0, -8.74228e-08, 0, 1, 0, 8.74228e-08, 0, -1, -0.339512, 1.28241, 3.3014 )
use_collision = true
width = 4.70102
height = 1.64179
depth = 0.456026
material = ExtResource( 2 )

[node name="CSGBox" type="CSGBox" parent="game intro"]
transform = Transform( 1, 0, 0, 0, 1, 0, 0, 0, 1, 0, -1.16762, 0 )
use_collision = true
width = 3.93519
height = 0.002
depth = 6.40739
material = ExtResource( 3 )

[node name="CSGBox2" type="CSGBox" parent="game intro"]
transform = Transform( 1, 0, 0, 0, 1, 0, 0, 0, 1, 0, 1.82854, 0 )
use_collision = true
width = 3.93519
height = 0.002
depth = 6.40739
material = ExtResource( 4 )

[node name="CSGBox3" type="CSGBox" parent="game intro"]
transform = Transform( 1, 0, 0, 0, 1, 0, 0, 0, 1, -1.96851, 0.412588, 0 )
use_collision = true
width = 0.002
height = 3.08629
depth = 6.40739
material = ExtResource( 2 )

[node name="CSGBox4" type="CSGBox" parent="game intro"]
transform = Transform( -1, 0, -8.74228e-08, 0, 1, 0, 8.74228e-08, 0, -1, 1.94583, 0.412588, 0 )
use_collision = true
width = 0.002
height = 3.08629
depth = 6.40739
material = ExtResource( 2 )

[node name="CSGBox7" type="CSGBox" parent="game intro"]
transform = Transform( -1, 0, -8.74228e-08, 0, 1, 0, 8.74228e-08, 0, -1, -0.339512, -1.72336, -3.43534 )
use_collision = true
width = 4.70102
height = 1.64179
depth = 0.456026
material = ExtResource( 2 )

[node name="CSGBox8" type="CSGBox" parent="game intro"]
transform = Transform( -1, 0, -8.74228e-08, 0, 1, 0, 8.74228e-08, 0, -1, -0.339512, 2.36727, -3.43534 )
use_collision = true
width = 4.70102
height = 1.64179
depth = 0.456026
material = ExtResource( 2 )

[node name="CSGBox9" type="CSGBox" parent="game intro"]
transform = Transform( 1, 0, 0, 0, 1, 0, 0, 0, 1, 0, -1.16762, -10.381 )
use_collision = true
width = 13.7358
height = 0.002
depth = 13.3147
material = ExtResource( 3 )

[node name="CSGBox10" type="CSGBox" parent="game intro"]
transform = Transform( 1, 0, 0, 0, 1, 0, 0, 0, 1, 0, 1.82854, -10.9931 )
use_collision = true
width = 13.7803
height = 0.002
depth = 14.8032
material = ExtResource( 4 )

[node name="CSGBox11" type="CSGBox" parent="game intro"]
transform = Transform( 1, 0, 0, 0, 1, 0, 0, 0, 1, -6.83744, 0.412588, -10.4157 )
use_collision = true
width = 0.002
height = 3.08629
depth = 13.3127
material = ExtResource( 2 )

[node name="CSGBox12" type="CSGBox" parent="game intro"]
transform = Transform( -1, 0, -8.74228e-08, 0, 1, 0, 8.74228e-08, 0, -1, 6.90975, 0.412588, -8.90043 )
use_collision = true
width = 0.002
height = 3.08629
depth = 10.194
material = ExtResource( 2 )

[node name="CSGBox13" type="CSGBox" parent="game intro"]
transform = Transform( -4.37114e-08, 0, -1, 0, 1, 0, 1, 0, -4.37114e-08, -0.0622683, 0.412588, -17.0606 )
use_collision = true
width = 0.002
height = 3.08629
depth = 13.5139
material = ExtResource( 2 )

[node name="CSGBox14" type="CSGBox" parent="game intro"]
transform = Transform( -4.37114e-08, 0, 1, 0, 1, 0, -1, 0, -4.37114e-08, -4.26055, 0.412588, -3.80843 )
use_collision = true
width = 0.002
height = 3.08629
depth = 5.27128
material = ExtResource( 2 )

[node name="CSGBox15" type="CSGBox" parent="game intro"]
transform = Transform( -4.37114e-08, 0, 1, 0, 1, 0, -1, 0, -4.37114e-08, 4.30289, 0.412588, -3.80843 )
use_collision = true
width = 0.002
height = 3.08629
depth = 5.27128
material = ExtResource( 2 )

[node name="CSGBox16" type="CSGBox" parent="game intro"]
transform = Transform( -1, 0, 8.74228e-08, 0, 1, 0, -8.74228e-08, 0, -1, 2.20802, 0.327934, -3.42046 )
use_collision = true
width = 0.38541
height = 3.08629
depth = 0.742163
material = ExtResource( 2 )

[node name="CSGBox17" type="CSGBox" parent="game intro"]
transform = Transform( 1, 0, 0, 0, 1, 0, 0, 0, 1, -2.16191, 0.327934, -3.42046 )
use_collision = true
width = 0.38541
height = 3.08629
depth = 0.742163
material = ExtResource( 2 )

[node name="barney table" type="Spatial" parent="game intro"]

[node name="CSGBox47" type="CSGBox" parent="game intro/barney table"]
transform = Transform( 1, 0, 0, 0, 1, 0, 0, 0, 1, -0.294946, -0.599736, -10.3101 )
use_collision = true
width = 6.23587
height = 1.04839
depth = 0.332112
material = ExtResource( 3 )

[node name="CSGBox48" type="CSGBox" parent="game intro/barney table"]
transform = Transform( 1, 0, 0, 0, 1, 0, 0, 0, 1, -3.32136, -0.599736, -10.8919 )
use_collision = true
width = 0.181443
height = 1.04839
depth = 1.52761
material = ExtResource( 3 )

[node name="CSGBox49" type="CSGBox" parent="game intro/barney table"]
transform = Transform( 1, 0, 0, 0, 1, 0, 0, 0, 1, -0.338826, -0.070222, -10.8919 )
use_collision = true
width = 6.28917
height = 0.002
depth = 1.52761
material = ExtResource( 3 )

[node name="barney chair" type="Spatial" parent="game intro"]

[node name="CSGBox18" type="CSGBox" parent="game intro/barney chair"]
transform = Transform( 1, 0, 0, 0, 1, 0, 0, 0, 1, 0, -0.760686, -12.7318 )
use_collision = true
width = 0.232444
height = 0.651061
depth = 0.280072
material = ExtResource( 3 )

[node name="CSGBox19" type="CSGBox" parent="game intro/barney chair"]
transform = Transform( 1, 0, 0, 0, 1, 0, 0, 0, 1, -0.685309, -0.760686, -12.7318 )
use_collision = true
width = 0.232444
height = 0.651061
depth = 0.280072
material = ExtResource( 3 )

[node name="CSGBox20" type="CSGBox" parent="game intro/barney chair"]
transform = Transform( 1, 0, 0, 0, 1, 0, 0, 0, 1, 0, -0.760686, -12.0588 )
use_collision = true
width = 0.232444
height = 0.651061
depth = 0.280072
material = ExtResource( 3 )

[node name="CSGBox21" type="CSGBox" parent="game intro/barney chair"]
transform = Transform( 1, 0, 0, 0, 1, 0, 0, 0, 1, -0.685309, -0.760686, -12.0588 )
use_collision = true
width = 0.232444
height = 0.651061
depth = 0.280072
material = ExtResource( 3 )

[node name="CSGBox22" type="CSGBox" parent="game intro/barney chair"]
transform = Transform( 1, 0, 0, 0, 1, 0, 0, 0, 1, -0.34668, -0.401609, -12.3926 )
use_collision = true
width = 0.911717
height = 0.002
depth = 0.97645
material = ExtResource( 3 )

[node name="CSGBox23" type="CSGBox" parent="game intro/barney chair"]
transform = Transform( 1, 0, 0, 0, -4.37114e-08, -1, 0, 1, -4.37114e-08, -0.34668, 0.0859573, -12.8644 )
use_collision = true
width = 0.911717
height = 0.002
depth = 0.97645
material = ExtResource( 3 )

[node name="hallway section 1" type="Spatial" parent="."]
transform = Transform( -4.37114e-08, 0, 1, 0, 1, 0, -1, 0, -4.37114e-08, 25.714, 0, -3.99152 )

[node name="CSGBox18" type="CSGBox" parent="hallway section 1"]
transform = Transform( 1, 0, 0, 0, 1, 0, 0, 0, 1, 11.949, -1.16762, -15.7578 )
use_collision = true
width = 3.93519
height = 0.002
depth = 6.40739
material = ExtResource( 3 )

[node name="CSGBox19" type="CSGBox" parent="hallway section 1"]
transform = Transform( 1, 0, 0, 0, 1, 0, 0, 0, 1, 11.949, 1.82854, -15.7578 )
use_collision = true
width = 3.93519
height = 0.002
depth = 6.40739
material = ExtResource( 4 )

[node name="CSGBox3" type="CSGBox" parent="hallway section 1"]
transform = Transform( 1, 0, 0, 0, 1, 0, 0, 0, 1, 10.0351, 0.412588, -15.8297 )
use_collision = true
width = 0.002
height = 3.08629
depth = 6.40739
material = ExtResource( 2 )

[node name="CSGBox4" type="CSGBox" parent="hallway section 1"]
transform = Transform( -1, 0, -8.74228e-08, 0, 1, 0, 8.74228e-08, 0, -1, 13.9494, 0.412588, -15.8297 )
use_collision = true
width = 0.002
height = 3.08629
depth = 6.40739
material = ExtResource( 2 )

[node name="hallway2" type="Spatial" parent="."]

[node name="CSGBox30" type="CSGBox" parent="hallway2"]
transform = Transform( -1, 0, -8.74228e-08, 0, 1, 0, 8.74228e-08, 0, -1, 17.0338, 0.412588, -22.7752 )
use_collision = true
width = 0.002
height = 3.08629
depth = 17.7821
material = ExtResource( 2 )

[node name="CSGBox31" type="CSGBox" parent="hallway2"]
transform = Transform( -4.37114e-08, 0, 1, 0, 1, 0, -1, 0, -4.37114e-08, 14.9778, 0.412588, -13.9269 )
use_collision = true
width = 0.002
height = 3.08629
depth = 4.07729
material = ExtResource( 2 )

[node name="CSGBox18" type="CSGBox" parent="hallway2"]
transform = Transform( 1, 0, 0, 0, 1, 0, 0, 0, 1, 15.1602, -1.16762, -22.7472 )
use_collision = true
width = 3.93519
height = 0.002
depth = 17.7988
material = ExtResource( 3 )

[node name="CSGBox24" type="CSGBox" parent="hallway2"]
transform = Transform( 1, 0, 0, 0, 1, 0, 0, 0, 1, 15.1602, 1.9864, -22.7472 )
use_collision = true
width = 3.93519
height = 0.002
depth = 17.7988
material = ExtResource( 4 )

[node name="CSGBox34" type="CSGBox" parent="hallway2"]
transform = Transform( 1, 0, 0, 0, 1, 0, 0, 0, 1, 13.2126, 0.412588, -22.032 )
use_collision = true
width = 0.002
height = 3.08629
depth = 8.14693
material = ExtResource( 2 )

[node name="hallwayaaa" type="Spatial" parent="."]

[node name="CSGBox32" type="CSGBox" parent="hallwayaaa"]
transform = Transform( -4.37114e-08, 0, -1, 0, 1, 0, 1, 0, -4.37114e-08, 12.1507, 0.412588, -31.5068 )
use_collision = true
width = 0.002
height = 3.08629
depth = 9.83735
material = ExtResource( 2 )

[node name="CSGBox36" type="CSGBox" parent="hallwayaaa"]
transform = Transform( 0.0340518, -0.427877, -0.903195, 0.602415, 0.729882, -0.32306, 0.797456, -0.533098, 0.282613, -2.07572, 2.79605, -31.5068 )
use_collision = true
width = 0.002
height = 3.08629
depth = 5.97254
material = ExtResource( 2 )

[node name="CSGBox33" type="CSGBox" parent="hallwayaaa"]
transform = Transform( -0.394734, -0.531194, 0.749679, -0.451376, 0.822801, 0.34534, -0.800278, -0.202069, -0.564555, 6.53011, 3.05113, -26.2303 )
use_collision = true
width = 0.002
height = 3.08629
depth = 13.406
material = ExtResource( 2 )

[node name="CSGBox25" type="CSGBox" parent="hallwayaaa"]
transform = Transform( 0.968932, -0.243984, -0.0405303, 0.244579, 0.920847, 0.30368, -0.0367708, -0.304158, 0.951912, 3.99764, 5.932, -29.0041 )
use_collision = true
width = 18.5014
height = 0.002
depth = 5.38633
material = ExtResource( 4 )

[node name="CSGBox19" type="CSGBox" parent="hallwayaaa"]
transform = Transform( 1, 0, 0, 0, 1, 0, 0, 0, 1, 4.02454, -1.16762, -28.9971 )
use_collision = true
width = 18.5014
height = 0.002
depth = 5.38633
material = ExtResource( 3 )

[node name="CSGBox37" type="CSGBox" parent="hallwayaaa"]
transform = Transform( 1, 0, 0, 0, 1, 0, 0, 0, 1, -5.16733, 0.412588, -30.5984 )
use_collision = true
width = 0.002
height = 3.08629
depth = 8.14693
material = ExtResource( 2 )

[node name="level transition" type="Spatial" parent="."]

[node name="CSGBox29" type="CSGBox" parent="level transition"]
transform = Transform( 1, 0, 0, 0, 0.906308, 0.422618, 0, -0.422618, 0.906308, 4.02454, -1.26429, -38.8584 )
use_collision = true
width = 5.9663
height = 0.002
depth = 15.7058
material = ExtResource( 4 )

[node name="CSGBox45" type="CSGBox" parent="level transition"]
transform = Transform( 1, 0, 0, 0, 0.906308, 0.422618, 0, -0.422618, 0.906308, 1.09335, -3.03138, -39.374 )
use_collision = true
width = 0.002
height = 3.41086
depth = 15.7058
material = ExtResource( 2 )

[node name="CSGBox46" type="CSGBox" parent="level transition"]
transform = Transform( -1, -3.69465e-08, -7.92319e-08, 0, 0.906308, -0.422618, 8.74228e-08, -0.422618, -0.906308, 6.91077, -3.03138, -39.374 )
use_collision = true
width = 0.002
height = 3.41086
depth = 15.7058
material = ExtResource( 2 )

[node name="CSGBox20" type="CSGBox" parent="level transition"]
transform = Transform( 1, 0, 0, 0, 0.906308, 0.422618, 0, -0.422618, 0.906308, 4.02454, -4.41831, -38.8584 )
use_collision = true
width = 5.9663
height = 0.002
depth = 15.7058
material = ExtResource( 3 )

[node name="dat corner" type="Spatial" parent="."]

[node name="CSGBox44" type="CSGBox" parent="dat corner"]
transform = Transform( -4.37114e-08, 0, -1, 0, 1, 0, 1, 0, -4.37114e-08, -12.4073, 0.412588, -26.4507 )
use_collision = true
width = 0.002
height = 3.08629
depth = 14.6647
material = ExtResource( 2 )

[node name="CSGBox40" type="CSGBox" parent="dat corner"]
transform = Transform( 0.897966, 0, -0.440065, 0.122199, 0.960673, 0.24935, 0.422758, -0.277684, 0.862651, -15.8022, 0.412588, -25.6524 )
use_collision = true
width = 0.002
height = 3.08629
depth = 14.6647
material = ExtResource( 2 )

[node name="CSGBox21" type="CSGBox" parent="dat corner"]
transform = Transform( 1, 0, 0, 0, 1, 0, 0, 0, 1, -7.98948, -1.16762, -23.7979 )
use_collision = true
width = 15.5058
height = 0.002
depth = 5.38633
material = ExtResource( 3 )

[node name="CSGBox22" type="CSGBox" parent="dat corner"]
transform = Transform( -4.37114e-08, 0, 1, 0, 1, 0, -1, 0, -4.37114e-08, -13.1286, -1.16762, -13.3709 )
use_collision = true
width = 15.5058
height = 0.002
depth = 5.38633
material = ExtResource( 3 )

[node name="CSGBox26" type="CSGBox" parent="dat corner"]
transform = Transform( 0.959431, -0.120383, -0.254951, -0.186107, 0.408868, -0.893416, 0.211793, 0.904619, 0.369876, -7.98948, 7.24157, -23.7979 )
use_collision = true
width = 15.5058
height = 0.002
depth = 5.38633
material = ExtResource( 4 )

[node name="CSGBox27" type="CSGBox" parent="dat corner"]
transform = Transform( 0.435683, -0.0916393, 0.895423, -0.219334, 0.954008, 0.204356, -0.872968, -0.285431, 0.395545, -13.1286, 4.71365, -13.3709 )
use_collision = true
width = 15.5058
height = 0.002
depth = 5.38633
material = ExtResource( 4 )

[node name="CSGBox38" type="CSGBox" parent="dat corner"]
transform = Transform( -0.231811, -0.202119, 0.951531, 0.186425, 0.950814, 0.247383, -0.95473, 0.234735, -0.182729, -5.33809, 1.00025, -21.1125 )
use_collision = true
width = 0.002
height = 3.08629
depth = 10.1528
material = ExtResource( 2 )

[node name="CSGBox35" type="CSGBox" parent="dat corner"]
transform = Transform( -0.708903, -0.487174, -0.510018, -0.503335, 0.855991, -0.118037, 0.494075, 0.173033, -0.852026, 2.98685, 2.5688, -22.0418 )
use_collision = true
width = 0.002
height = 3.08629
depth = 8.43118
material = ExtResource( 2 )

[node name="tiny cooridoor" type="Spatial" parent="."]

[node name="CSGBox28" type="CSGBox" parent="tiny cooridoor"]
transform = Transform( 1, 0, 0, 0, 1, 0, 0, 0, 1, -20.0752, 1.9864, -15.5557 )
use_collision = true
width = 8.5701
height = 0.002
depth = 5.38633
material = ExtResource( 4 )

[node name="CSGBox23" type="CSGBox" parent="tiny cooridoor"]
transform = Transform( 1, 0, 0, 0, 1, 0, 0, 0, 1, -20.0752, -1.16762, -15.5557 )
use_collision = true
width = 8.5701
height = 0.002
depth = 5.38633
material = ExtResource( 3 )

[node name="CSGBox42" type="CSGBox" parent="tiny cooridoor"]
transform = Transform( -4.37114e-08, 0, 1, 0, 1, 0, -1, 0, -4.37114e-08, -20.0425, 0.412588, -12.897 )
use_collision = true
width = 0.002
height = 3.08629
depth = 8.60653
material = ExtResource( 2 )

[node name="CSGBox43" type="CSGBox" parent="tiny cooridoor"]
transform = Transform( -4.37114e-08, 0, -1, 0, 1, 0, 1, 0, -4.37114e-08, -20.0425, 0.412588, -18.3727 )
use_collision = true
width = 0.002
height = 3.08629
depth = 8.60653
material = ExtResource( 2 )

[node name="locker room" type="Spatial" parent="."]

[node name="CSGBox62" type="CSGBox" parent="locker room"]
transform = Transform( 1, 0, 0, 0, 1, 0, 0, 0, 1, -46.7184, -1.17253, -20.2916 )
use_collision = true
width = 44.9765
height = 0.002
depth = 29.3129
material = ExtResource( 3 )

[node name="CSGBox63" type="CSGBox" parent="locker room"]
transform = Transform( 1, 0, 0, 0, 1, 0, 0, 0, 1, -46.7184, 1.93183, -20.2916 )
use_collision = true
width = 44.9765
height = 0.002
depth = 29.3129
material = ExtResource( 4 )

[node name="CSGBox59" type="CSGBox" parent="locker room"]
transform = Transform( -4.37114e-08, 0, 1, 0, 1, 0, -1, 0, -4.37114e-08, -28.6704, 0.412588, -6.51167 )
use_collision = true
width = 0.002
height = 3.08629
depth = 8.60653
material = ExtResource( 2 )

[node name="CSGBox65" type="CSGBox" parent="locker room"]
transform = Transform( 1, 0, 0, 0, 1, 0, 0, 0, 1, -32.9624, 0.412588, -10.7986 )
use_collision = true
width = 0.002
height = 3.08629
depth = 8.60653
material = ExtResource( 2 )

[node name="CSGBox66" type="CSGBox" parent="locker room"]
transform = Transform( -1, 0, -8.74228e-08, 0, 1, 0, 8.74228e-08, 0, -1, -24.3624, 0.412588, -8.58981 )
use_collision = true
width = 0.002
height = 3.08629
depth = 8.60653
material = ExtResource( 2 )

[node name="CSGBox64" type="CSGBox" parent="locker room"]
transform = Transform( -4.37114e-08, 0, -1, 0, 1, 0, 1, 0, -4.37114e-08, -28.6704, 0.412588, -18.3727 )
use_collision = true
width = 0.002
height = 3.08629
depth = 8.60653
material = ExtResource( 2 )

[node name="mp_level" parent="locker room" instance=ExtResource( 5 )]
transform = Transform( 0.1, 0, 0, 0, 0.1, 0, 0, 0, 0.1, -60.1625, 2.77023, -29.1654 )

[node name="sorry, youve got the wrong airlock mr freeman" type="Spatial" parent="."]

[node name="CSGBox50" type="CSGBox" parent="sorry, youve got the wrong airlock mr freeman"]
transform = Transform( 0.388532, -0.209021, -0.897415, 0.469172, 0.883103, -0.00256194, 0.793045, -0.420046, 0.441181, -30.9891, 1.19264, 1.33398 )
use_collision = true
width = 0.002
height = 3.08629
depth = 30.4016
material = ExtResource( 2 )

[node name="CSGBox51" type="CSGBox" parent="sorry, youve got the wrong airlock mr freeman"]
transform = Transform( -4.37114e-08, 0, 1, 0, 1, 0, -1, 0, -4.37114e-08, -26.0791, 0.323501, 6.22522 )
use_collision = true
width = 0.002
height = 3.08629
depth = 31.0542
material = ExtResource( 2 )

[node name="CSGBox52" type="CSGBox" parent="sorry, youve got the wrong airlock mr freeman"]
transform = Transform( 0.950567, 0.244683, 0.191186, -0.203626, 0.956017, -0.211109, -0.234432, 0.161743, 0.958583, -41.6428, 0.899769, 9.57168 )
use_collision = true
width = 0.002
height = 3.08629
depth = 6.7776
material = ExtResource( 2 )

[node name="CSGBox53" type="CSGBox" parent="sorry, youve got the wrong airlock mr freeman"]
transform = Transform( 0.750005, -0.63737, 0.176782, 0.62037, 0.770558, 0.146226, -0.229421, 0, 0.973327, -45.8994, 0.77219, 8.12729 )
use_collision = true
width = 0.002
height = 3.08629
depth = 10.6357
material = ExtResource( 2 )

[node name="CSGBox54" type="CSGBox" parent="sorry, youve got the wrong airlock mr freeman"]
transform = Transform( 0.602421, -0.0269667, 0.797723, 0.40345, 0.872643, -0.275176, -0.688707, 0.487614, 0.536578, -43.1291, 2.04314, 40.8569 )
use_collision = true
width = 0.002
height = 3.08629
depth = 10.6357
material = ExtResource( 2 )

[node name="CSGBox57" type="CSGBox" parent="sorry, youve got the wrong airlock mr freeman"]
transform = Transform( -0.650098, 0, -0.75985, 0.736532, 0.245832, -0.630148, 0.186795, -0.969312, -0.159815, -38.076, 3.54848, 11.0597 )
use_collision = true
width = 0.002
height = 3.08629
depth = 4.23421
material = ExtResource( 2 )

[node name="CSGBox58" type="CSGBox" parent="sorry, youve got the wrong airlock mr freeman"]
transform = Transform( 0.464456, -0.400986, -0.789614, 0.571687, 0.81671, -0.0784766, 0.676354, -0.414963, 0.608564, -51.8628, 0.323502, 10.4722 )
use_collision = true
width = 0.002
height = 3.08629
depth = 4.23421
material = ExtResource( 2 )

[node name="CSGBox55" type="CSGBox" parent="sorry, youve got the wrong airlock mr freeman"]
transform = Transform( 0.512414, -0.811819, -0.279969, 0.712417, 0.58391, -0.389245, 0.479473, 0, 0.877557, -51.4301, 0.323502, 17.8071 )
use_collision = true
width = 0.002
height = 3.08629
depth = 10.6357
material = ExtResource( 2 )

[node name="CSGBox60" type="CSGBox" parent="sorry, youve got the wrong airlock mr freeman"]
transform = Transform( 0.973327, 0, 0.229421, 0, 1, 0, -0.229421, 0, 0.973327, -25.3286, -1.17253, 8.37822 )
use_collision = true
width = 44.9765
height = 0.002
depth = 29.3129
material = ExtResource( 3 )

[node name="CSGBox61" type="CSGBox" parent="sorry, youve got the wrong airlock mr freeman"]
transform = Transform( 0.977659, 0.210199, 0, -0.210199, 0.977659, 0, 0, 0, 1, -27.1198, 8.34678, 8.76745 )
use_collision = true
width = 44.9765
height = 0.002
depth = 29.3129
material = ExtResource( 4 )

[node name="CSGBox56" type="CSGBox" parent="sorry, youve got the wrong airlock mr freeman"]
transform = Transform( -0.524466, 0.201132, -0.827334, 0.584623, 0.791496, -0.178187, 0.618992, -0.577131, -0.532699, -35.9821, 2.79872, 17.8071 )
use_collision = true
width = 0.002
height = 3.08629
depth = 10.6357
material = ExtResource( 2 )

[node name="CSGBox39" type="CSGBox" parent="sorry, youve got the wrong airlock mr freeman"]
transform = Transform( -0.973327, 0, -0.229421, 0, 1, 0, 0.229421, 0, -0.973327, -12.8367, 0.323501, -10.7948 )
use_collision = true
width = 0.002
height = 3.08629
depth = 26.6107
material = ExtResource( 2 )

[node name="CSGBox41" type="CSGBox" parent="sorry, youve got the wrong airlock mr freeman"]
transform = Transform( 0.795597, -0.364591, -0.483839, 0.448903, 0.891089, 0.066681, 0.406832, -0.270248, 0.872613, -19.4313, 3.09367, -5.55571 )
use_collision = true
width = 0.002
height = 3.08629
depth = 14.6647
material = ExtResource( 2 )

[node name="npc_barney" type="KinematicBody" parent="sorry, youve got the wrong airlock mr freeman"]
transform = Transform( -1, 0, -8.74228e-08, 0, 1, 0, 8.74228e-08, 0, -1, -42.671, 1.70977, 22.4738 )
script = ExtResource( 7 )
sitting = false

[node name="CollisionShape" type="CollisionShape" parent="sorry, youve got the wrong airlock mr freeman/npc_barney"]
transform = Transform( 1, 0, 0, 0, -4.37114e-08, -1, 0, 1, -4.37114e-08, 0, 0, 0 )
shape = SubResource( 1 )

[node name="sitting" type="Spatial" parent="sorry, youve got the wrong airlock mr freeman/npc_barney"]

[node name="CSGBox" type="CSGBox" parent="sorry, youve got the wrong airlock mr freeman/npc_barney/sitting"]
transform = Transform( 1, 0, 0, 0, 1, 0, 0, 0, 1, 0, 0, -0.428123 )
width = 0.682394
height = 0.793883
depth = 0.160904

[node name="CSGBox3" type="CSGBox" parent="sorry, youve got the wrong airlock mr freeman/npc_barney/sitting"]
transform = Transform( 1, 0, 0, 0, 1, 0, 0, 0, 1, -0.539768, 0, -0.428123 )
width = 0.252213
height = 0.793883
depth = 0.160904

[node name="CSGBox4" type="CSGBox" parent="sorry, youve got the wrong airlock mr freeman/npc_barney/sitting"]
transform = Transform( 1, 0, 0, 0, 1, 0, 0, 0, 1, 0.502829, 0, -0.428123 )
width = 0.252213
height = 0.793883
depth = 0.160904

[node name="CSGBox5" type="CSGBox" parent="sorry, youve got the wrong airlock mr freeman/npc_barney/sitting"]
transform = Transform( 1, 0, 0, 0, 1, 0, 0, 0, 1, 0.240685, -0.393623, 0.0919724 )
width = 0.252213
height = 0.0799968
depth = 0.818245

[node name="CSGBox6" type="CSGBox" parent="sorry, youve got the wrong airlock mr freeman/npc_barney/sitting"]
transform = Transform( 1, 0, 0, 0, 1, 0, 0, 0, 1, -0.326401, -0.393623, 0.0919724 )
width = 0.252213
height = 0.0799968
depth = 0.818245

[node name="CSGBox7" type="CSGBox" parent="sorry, youve got the wrong airlock mr freeman/npc_barney/sitting"]
transform = Transform( 1, 0, 0, 0, 1, 0, 0, 0, 1, -0.326401, -0.693159, 0.478493 )
width = 0.252213
height = 0.474361
depth = 0.0595804

[node name="CSGBox8" type="CSGBox" parent="sorry, youve got the wrong airlock mr freeman/npc_barney/sitting"]
transform = Transform( 1, 0, 0, 0, 1, 0, 0, 0, 1, 0.212715, -0.693159, 0.478493 )
width = 0.252213
height = 0.474361
depth = 0.0595804

[node name="CSGBox2" type="CSGBox" parent="sorry, youve got the wrong airlock mr freeman/npc_barney/sitting"]
transform = Transform( 1, 0, 0, 0, 1, 0, 0, 0, 1, 0, 0.783786, -0.428123 )
width = 0.682394
height = 0.666882
depth = 0.160904

[node name="not_sitting" type="Spatial" parent="sorry, youve got the wrong airlock mr freeman/npc_barney"]
visible = false

[node name="CSGBox" type="CSGBox" parent="sorry, youve got the wrong airlock mr freeman/npc_barney/not_sitting"]
transform = Transform( 1, 0, 0, 0, 1, 0, 0, 0, 1, 0, 0.676049, -0.428123 )
width = 0.682394
height = 0.793883
depth = 0.160904

[node name="CSGBox3" type="CSGBox" parent="sorry, youve got the wrong airlock mr freeman/npc_barney/not_sitting"]
transform = Transform( 1, 0, 0, 0, 1, 0, 0, 0, 1, -0.539768, 0.676049, -0.428123 )
width = 0.252213
height = 0.793883
depth = 0.160904

[node name="CSGBox4" type="CSGBox" parent="sorry, youve got the wrong airlock mr freeman/npc_barney/not_sitting"]
transform = Transform( 1, 0, 0, 0, 1, 0, 0, 0, 1, 0.502829, 0.676049, -0.428123 )
width = 0.252213
height = 0.793883
depth = 0.160904

[node name="CSGBox6" type="CSGBox" parent="sorry, youve got the wrong airlock mr freeman/npc_barney/not_sitting"]
transform = Transform( 1, 0, 0, 0, 1, 0, 0, 0, 1, -0.28318, -0.0802404, -0.429893 )
width = 0.252213
height = 0.683029
depth = 0.07687

[node name="CSGBox9" type="CSGBox" parent="sorry, youve got the wrong airlock mr freeman/npc_barney/not_sitting"]
transform = Transform( 1, 0, 0, 0, 1, 0, 0, 0, 1, 0.258116, -0.0802404, -0.429893 )
width = 0.252213
height = 0.683029
depth = 0.07687

[node name="CSGBox7" type="CSGBox" parent="sorry, youve got the wrong airlock mr freeman/npc_barney/not_sitting"]
transform = Transform( 1, 0, 0, 0, 1, 0, 0, 0, 1, -0.28318, -0.693159, -0.431978 )
width = 0.252213
height = 0.474361
depth = 0.0595804

[node name="CSGBox8" type="CSGBox" parent="sorry, youve got the wrong airlock mr freeman/npc_barney/not_sitting"]
transform = Transform( 1, 0, 0, 0, 1, 0, 0, 0, 1, 0.255935, -0.693159, -0.386258 )
width = 0.252213
height = 0.474361
depth = 0.0595804

[node name="CSGBox2" type="CSGBox" parent="sorry, youve got the wrong airlock mr freeman/npc_barney/not_sitting"]
transform = Transform( 1, 0, 0, 0, 1, 0, 0, 0, 1, 0, 1.45983, -0.428123 )
width = 0.682394
height = 0.666882
depth = 0.160904

[node name="npc_barney" type="KinematicBody" parent="."]
transform = Transform( 0.330794, -0.943703, -4.12506e-08, 0, -4.37114e-08, 1, -0.943703, -0.330794, -1.44595e-08, -3.82676, -0.730972, -13.7287 )
script = ExtResource( 7 )
sitting = false

[node name="CollisionShape" type="CollisionShape" parent="npc_barney"]
transform = Transform( 1, 0, 0, 0, -4.37114e-08, -1, 0, 1, -4.37114e-08, 0, 0, 0 )
shape = SubResource( 1 )

[node name="sitting" type="Spatial" parent="npc_barney"]
visible = false

[node name="CSGBox" type="CSGBox" parent="npc_barney/sitting"]
transform = Transform( 1, 0, 0, 0, 1, 0, 0, 0, 1, 0, 0, -0.428123 )
width = 0.682394
height = 0.793883
depth = 0.160904

[node name="CSGBox3" type="CSGBox" parent="npc_barney/sitting"]
transform = Transform( 1, 0, 0, 0, 1, 0, 0, 0, 1, -0.539768, 0, -0.428123 )
width = 0.252213
height = 0.793883
depth = 0.160904

[node name="CSGBox4" type="CSGBox" parent="npc_barney/sitting"]
transform = Transform( 1, 0, 0, 0, 1, 0, 0, 0, 1, 0.502829, 0, -0.428123 )
width = 0.252213
height = 0.793883
depth = 0.160904

[node name="CSGBox5" type="CSGBox" parent="npc_barney/sitting"]
transform = Transform( 1, 0, 0, 0, 1, 0, 0, 0, 1, 0.240685, -0.393623, 0.0919724 )
width = 0.252213
height = 0.0799968
depth = 0.818245

[node name="CSGBox6" type="CSGBox" parent="npc_barney/sitting"]
transform = Transform( 1, 0, 0, 0, 1, 0, 0, 0, 1, -0.326399, -0.393623, 0.0919724 )
width = 0.252213
height = 0.0799968
depth = 0.818245

[node name="CSGBox7" type="CSGBox" parent="npc_barney/sitting"]
transform = Transform( 1, 0, 0, 0, 1, 0, 0, 0, 1, -0.326399, -0.693159, 0.478493 )
width = 0.252213
height = 0.474361
depth = 0.0595804

[node name="CSGBox8" type="CSGBox" parent="npc_barney/sitting"]
transform = Transform( 1, 0, 0, 0, 1, 0, 0, 0, 1, 0.212717, -0.693159, 0.478493 )
width = 0.252213
height = 0.474361
depth = 0.0595804

[node name="CSGBox2" type="CSGBox" parent="npc_barney/sitting"]
transform = Transform( 1, 0, 0, 0, 1, 0, 0, 0, 1, 0, 0.783786, -0.428123 )
width = 0.682394
height = 0.666882
depth = 0.160904

[node name="not_sitting" type="Spatial" parent="npc_barney"]

[node name="CSGBox" type="CSGBox" parent="npc_barney/not_sitting"]
transform = Transform( 0.886365, 0.462987, 2.02378e-08, -0.462987, 0.886365, -4.96713e-09, -2.02378e-08, -4.96713e-09, 1, -0.0246563, 0.465014, -0.428123 )
width = 0.682394
height = 0.793883
depth = 0.160904

[node name="CSGBox3" type="CSGBox" parent="npc_barney/not_sitting"]
transform = Transform( 0.964943, -0.262459, -1.14724e-08, 0.262459, 0.964943, -1.53237e-09, 1.14724e-08, -1.53238e-09, 1, -0.824558, 0.576221, -0.428123 )
width = 0.252213
height = 0.793883
depth = 0.160904

[node name="CSGBox4" type="CSGBox" parent="npc_barney/not_sitting"]
transform = Transform( 0.894733, 0.434065, -0.105078, -0.387681, 0.871689, 0.299769, 0.221714, -0.227477, 0.948207, 1.06989, 0.608309, -0.344403 )
width = 0.252213
height = 0.793883
depth = 0.160904

[node name="CSGBox6" type="CSGBox" parent="npc_barney/not_sitting"]
transform = Transform( 0.8377, 0.546131, 2.38722e-08, -0.546131, 0.8377, -7.09437e-09, -2.38721e-08, -7.09437e-09, 1, -0.831221, -0.272345, -0.429893 )
width = 0.252213
height = 0.683029
depth = 0.07687

[node name="CSGBox9" type="CSGBox" parent="npc_barney/not_sitting"]
transform = Transform( 0.982894, -0.184174, -8.05052e-09, 0.184174, 0.982894, -7.47748e-10, 8.05053e-09, -7.47713e-10, 1, 0.496339, -0.233437, -0.429893 )
width = 0.252213
height = 0.683029
depth = 0.07687

[node name="CSGBox7" type="CSGBox" parent="npc_barney/not_sitting"]
transform = Transform( 0.860591, 0.509297, 2.22621e-08, -0.509297, 0.860591, -6.09376e-09, -2.22621e-08, -6.09376e-09, 1, -0.415488, -0.739538, -0.431978 )
width = 0.252213
height = 0.474361
depth = 0.0595804

[node name="CSGBox8" type="CSGBox" parent="npc_barney/not_sitting"]
transform = Transform( 0.858423, -0.512942, -2.24214e-08, 0.512942, 0.858423, -6.18852e-09, 2.24214e-08, -6.18851e-09, 1, 0.405764, -1.12061, -0.386258 )
width = 0.252213
height = 0.474361
depth = 0.0595804

[node name="CSGBox2" type="CSGBox" parent="npc_barney/not_sitting"]
transform = Transform( 0.909541, -0.415614, -1.81671e-08, 0.415614, 0.909541, -3.95409e-09, 1.81671e-08, -3.95408e-09, 1, -0.0470591, 1.59408, -0.428123 )
width = 0.682394
height = 0.666882
depth = 0.160904

[node name="barney_nodon" type="Spatial" parent="."]
