[gd_scene load_steps=5 format=2]

[ext_resource path="res://filter.tscn" type="PackedScene" id=1]
[ext_resource path="res://materials/dev/dev_text03/TestWall.tres" type="Material" id=2]
[ext_resource path="res://materials/dev/dev_text01/TestWall.tres" type="Material" id=3]
[ext_resource path="res://materials/dev/dev_text02/TestWall.tres" type="Material" id=4]

[node name="mp_level" type="Spatial"]

[node name="ViewportContainer" parent="." instance=ExtResource( 1 )]
egg = true

[node name="game intro" type="Spatial" parent="."]
transform = Transform( 0.999242, 0, -0.0389285, 0, 1, 0, 0.0389285, 0, 0.999242, 0, 0, 0 )

[node name="CSGBox5" type="CSGBox" parent="game intro"]
transform = Transform( -1, 0, -8.74228e-08, 0, 1, 0, 8.74228e-08, 0, -1, -0.339512, -0.340441, 3.3014 )
use_collision = true
width = 4.70102
height = 1.64179
depth = 0.456026
material = ExtResource( 2 )

[node name="CSGBox6" type="CSGBox" parent="game intro"]
transform = Transform( -1, 0, -8.74228e-08, 0, 1, 0, 8.74228e-08, 0, -1, -0.339512, 1.28241, 3.3014 )
use_collision = true
width = 4.70102
height = 1.64179
depth = 0.456026
material = ExtResource( 2 )

[node name="CSGBox" type="CSGBox" parent="game intro"]
transform = Transform( 1, 0, 0, 0, 1, 0, 0, 0, 1, 0, -1.16762, 0 )
use_collision = true
width = 3.93519
height = 0.002
depth = 6.40739
material = ExtResource( 3 )

[node name="CSGBox2" type="CSGBox" parent="game intro"]
transform = Transform( 1, 0, 0, 0, 1, 0, 0, 0, 1, 0, 1.82854, 0 )
use_collision = true
width = 3.93519
height = 0.002
depth = 6.40739
material = ExtResource( 4 )

[node name="CSGBox3" type="CSGBox" parent="game intro"]
transform = Transform( 0.963663, 0.267121, 0, -0.267121, 0.963663, 0, 0, 0, 1, -1.89776, 0.751408, 0 )
use_collision = true
width = 0.002
height = 3.08629
depth = 6.40739
material = ExtResource( 2 )

[node name="CSGBox4" type="CSGBox" parent="game intro"]
transform = Transform( -0.963663, 0.267121, -8.42461e-08, 0.267121, 0.963663, 2.33524e-08, 8.74228e-08, 0, -1, 1.87434, -0.294193, 0 )
use_collision = true
width = 0.002
height = 3.08629
depth = 6.40739
material = ExtResource( 2 )

[node name="CSGBox7" type="CSGBox" parent="game intro"]
transform = Transform( -0.963663, 0.267121, -8.42461e-08, 0.267121, 0.963663, 2.33524e-08, 8.74228e-08, 0, -1, -0.898512, -1.74207, -3.43534 )
use_collision = true
width = 4.70102
height = 1.64179
depth = 0.456026
material = ExtResource( 2 )

[node name="CSGBox8" type="CSGBox" parent="game intro"]
transform = Transform( -0.963663, 0.267121, -8.42461e-08, 0.267121, 0.963663, 2.33524e-08, 8.74228e-08, 0, -1, 0.19418, 2.19992, -3.43534 )
use_collision = true
width = 4.70102
height = 1.64179
depth = 0.456026
material = ExtResource( 2 )

[node name="CSGBox9" type="CSGBox" parent="game intro"]
transform = Transform( 0.963663, 0.267121, 0, -0.267121, 0.963663, 0, 0, 0, 1, -0.422887, -1.29721, -10.381 )
use_collision = true
width = 13.7358
height = 0.002
depth = 13.3147
material = ExtResource( 3 )

[node name="CSGBox47" type="CSGBox" parent="game intro"]
transform = Transform( 0.963663, 0.267121, 0, -0.267121, 0.963663, 0, 0, 0, 1, -0.555423, -0.671175, -10.3101 )
use_collision = true
width = 6.23587
height = 1.04839
depth = 0.332112
material = ExtResource( 3 )

[node name="CSGBox48" type="CSGBox" parent="game intro"]
transform = Transform( 0.963663, 0.267121, 0, -0.267121, 0.963663, 0, 0, 0, 1, -3.47187, 0.137243, -10.8919 )
use_collision = true
width = 0.181443
height = 1.04839
depth = 1.52761
material = ExtResource( 3 )

[node name="CSGBox49" type="CSGBox" parent="game intro"]
transform = Transform( 0.963663, 0.267121, 0, -0.267121, 0.963663, 0, 0, 0, 1, -0.456264, -0.14918, -10.8919 )
use_collision = true
width = 6.28917
height = 0.002
depth = 1.52761
material = ExtResource( 3 )

[node name="CSGBox10" type="CSGBox" parent="game intro"]
transform = Transform( 1, 0, 0, 0, 1, 0, 0, 0, 1, 0, 1.82854, -10.9931 )
use_collision = true
width = 13.7803
height = 0.002
depth = 14.8032
material = ExtResource( 4 )

[node name="CSGBox11" type="CSGBox" parent="game intro"]
transform = Transform( 1, 0, 0, 0, 1, 0, 0, 0, 1, -6.83744, 0.412588, -10.4157 )
use_collision = true
width = 0.002
height = 3.08629
depth = 13.3127
material = ExtResource( 2 )

[node name="CSGBox12" type="CSGBox" parent="game intro"]
transform = Transform( -1, 0, -8.74228e-08, 0, 1, 0, 8.74228e-08, 0, -1, 6.90975, 0.412588, -8.90043 )
use_collision = true
width = 0.002
height = 3.08629
depth = 10.194
material = ExtResource( 2 )

[node name="CSGBox13" type="CSGBox" parent="game intro"]
transform = Transform( -4.37114e-08, 0, -1, 0, 1, 0, 1, 0, -4.37114e-08, -0.0622683, 0.412588, -17.0606 )
use_collision = true
width = 0.002
height = 3.08629
depth = 13.5139
material = ExtResource( 2 )

[node name="CSGBox14" type="CSGBox" parent="game intro"]
transform = Transform( -4.37114e-08, 0, 1, 0, 1, 0, -1, 0, -4.37114e-08, -4.26055, 0.412588, -3.80843 )
use_collision = true
width = 0.002
height = 3.08629
depth = 5.27128
material = ExtResource( 2 )

[node name="CSGBox15" type="CSGBox" parent="game intro"]
transform = Transform( -4.37114e-08, 0, 1, 0, 1, 0, -1, 0, -4.37114e-08, 4.30289, 0.412588, -3.80843 )
use_collision = true
width = 0.002
height = 3.08629
depth = 5.27128
material = ExtResource( 2 )

[node name="CSGBox16" type="CSGBox" parent="game intro"]
transform = Transform( -1, 0, 8.74228e-08, 0, 1, 0, -8.74228e-08, 0, -1, 2.20802, 0.327934, -3.42046 )
use_collision = true
width = 0.38541
height = 3.08629
depth = 0.742163
material = ExtResource( 2 )

[node name="CSGBox17" type="CSGBox" parent="game intro"]
transform = Transform( 1, 0, 0, 0, 1, 0, 0, 0, 1, -2.16191, 0.327934, -3.42046 )
use_collision = true
width = 0.38541
height = 3.08629
depth = 0.742163
material = ExtResource( 2 )

[node name="hallway section 1" type="Spatial" parent="."]
transform = Transform( -4.37114e-08, 0, 1, 0, 1, 0, -1, 0, -4.37114e-08, 25.714, 0, -3.99152 )

[node name="CSGBox18" type="CSGBox" parent="hallway section 1"]
transform = Transform( 0.919451, 0.0452687, 0.390589, 5.0324e-09, 0.993351, -0.115128, -0.393204, 0.105854, 0.913338, 11.8041, -1.1618, -16.2929 )
use_collision = true
width = 3.93519
height = 0.002
depth = 6.40739
material = ExtResource( 3 )

[node name="CSGBox19" type="CSGBox" parent="hallway section 1"]
transform = Transform( 0.919451, 0.0452687, 0.390589, 5.0324e-09, 0.993351, -0.115128, -0.393204, 0.105854, 0.913338, 11.9397, 1.81444, -15.9757 )
use_collision = true
width = 3.93519
height = 0.002
depth = 6.40739
material = ExtResource( 4 )

[node name="CSGBox3" type="CSGBox" parent="hallway section 1"]
transform = Transform( 0.919451, 0.0452687, 0.390589, 5.0324e-09, 0.993351, -0.115128, -0.393204, 0.105854, 0.913338, 10.1106, 0.416181, -15.3748 )
use_collision = true
width = 0.002
height = 3.08629
depth = 6.40739
material = ExtResource( 2 )

[node name="CSGBox4" type="CSGBox" parent="hallway section 1"]
transform = Transform( -1, 0, -8.74228e-08, 0, 1, 0, 8.74228e-08, 0, -1, 13.9494, 0.412588, -15.8297 )
use_collision = true
width = 0.002
height = 3.08629
depth = 6.40739
material = ExtResource( 2 )

[node name="hallway2" type="Spatial" parent="."]
transform = Transform( 1, 0, -0.000139626, 0, 1, 0, 0.000139626, 0, 1, 0, 0, 0 )

[node name="CSGBox30" type="CSGBox" parent="hallway2"]
transform = Transform( -0.819917, -0.21971, -0.528643, -0.184656, 0.975565, -0.119057, 0.541884, 0, -0.840453, 16.6662, 0.740377, -23.7512 )
use_collision = true
width = 0.002
height = 3.08629
depth = 17.7821
material = ExtResource( 2 )

[node name="CSGBox31" type="CSGBox" parent="hallway2"]
transform = Transform( -4.37114e-08, 0, 1, 0, 1, 0, -1, 0, -4.37114e-08, 14.9778, 0.412588, -13.9269 )
use_collision = true
width = 0.002
height = 3.08629
depth = 4.07729
material = ExtResource( 2 )

[node name="CSGBox18" type="CSGBox" parent="hallway2"]
transform = Transform( 1, 0, 0, 0, 1, 0, 0, 0, 1, 15.1602, -1.16762, -22.7472 )
use_collision = true
width = 3.93519
height = 0.002
depth = 17.7988
material = ExtResource( 3 )

[node name="CSGBox24" type="CSGBox" parent="hallway2"]
transform = Transform( 0.819917, -0.21971, 0.528643, 0.184656, 0.975565, 0.119057, -0.541884, 0, 0.840453, 14.799, 1.9331, -22.7124 )
use_collision = true
width = 3.93519
height = 0.002
depth = 17.7988
material = ExtResource( 4 )

[node name="CSGBox34" type="CSGBox" parent="hallway2"]
transform = Transform( 0.819917, -0.21971, 0.528643, 0.184656, 0.975565, 0.119057, -0.541884, 0, 0.840453, 13.926, 0.123254, -21.056 )
use_collision = true
width = 0.002
height = 3.08629
depth = 8.14693
material = ExtResource( 2 )

[node name="hallwayaaa" type="Spatial" parent="."]

[node name="CSGBox32" type="CSGBox" parent="hallwayaaa"]
transform = Transform( 0.544209, 0.466678, -0.697172, 0.311583, 0.659137, 0.684438, 0.778943, -0.589704, 0.213299, 8.85312, -5.43514, -32.7609 )
use_collision = true
width = 0.002
height = 3.08629
depth = 9.83735
material = ExtResource( 2 )

[node name="CSGBox36" type="CSGBox" parent="hallwayaaa"]
transform = Transform( 0.544209, 0.466678, -0.697172, 0.311583, 0.659137, 0.684438, 0.778943, -0.589704, 0.213299, -1.06514, 4.30196, -29.7264 )
use_collision = true
width = 0.002
height = 3.08629
depth = 5.97254
material = ExtResource( 2 )

[node name="CSGBox33" type="CSGBox" parent="hallwayaaa"]
transform = Transform( -4.37114e-08, 0, 1, 0, 1, 0, -1, 0, -4.37114e-08, 6.53011, 0.412588, -26.2303 )
use_collision = true
width = 0.002
height = 3.08629
depth = 13.406
material = ExtResource( 2 )

[node name="CSGBox25" type="CSGBox" parent="hallwayaaa"]
transform = Transform( 0.697172, 0.466678, 0.544209, -0.684438, 0.659137, 0.311583, -0.213299, -0.589704, 0.778943, 5.28805, 1.94605, -30.0008 )
use_collision = true
width = 18.5014
height = 0.002
depth = 5.38633
material = ExtResource( 4 )

[node name="CSGBox19" type="CSGBox" parent="hallwayaaa"]
transform = Transform( 1, 0, 0, 0, 1, 0, 0, 0, 1, 4.02454, -1.16762, -28.9971 )
use_collision = true
width = 18.5014
height = 0.002
depth = 5.38633
material = ExtResource( 3 )

[node name="CSGBox37" type="CSGBox" parent="hallwayaaa"]
transform = Transform( 0.697172, 0.466678, 0.544209, -0.684438, 0.659137, 0.311583, -0.213299, -0.589704, 0.778943, -2.72617, 6.70101, -28.3594 )
use_collision = true
width = 0.002
height = 3.08629
depth = 8.14693
material = ExtResource( 2 )

[node name="level transition" type="Spatial" parent="."]

[node name="CSGBox29" type="CSGBox" parent="level transition"]
transform = Transform( 1, 0, 0, 0, 0.906308, 0.422618, 0, -0.422618, 0.906308, 4.02454, -0.393572, -38.8584 )
use_collision = true
width = 5.9663
height = 0.002
depth = 15.7058
material = ExtResource( 4 )

[node name="CSGBox45" type="CSGBox" parent="level transition"]
transform = Transform( 1, 0, 0, 0, 0.906308, 0.422618, 0, -0.422618, 0.906308, 1.09335, -3.03138, -39.374 )
use_collision = true
width = 0.002
height = 3.41086
depth = 15.7058
material = ExtResource( 2 )

[node name="CSGBox46" type="CSGBox" parent="level transition"]
transform = Transform( -1, -3.69465e-08, -7.92319e-08, 0, 0.906308, -0.422618, 8.74228e-08, -0.422618, -0.906308, -32.1169, 25.8975, -39.374 )
use_collision = true
width = 0.002
height = 3.41086
depth = 15.7058
material = ExtResource( 2 )

[node name="CSGBox20" type="CSGBox" parent="level transition"]
transform = Transform( 1, 0, 0, 0, 0.906308, 0.422618, 0, -0.422618, 0.906308, 4.02454, -3.54759, -38.8584 )
use_collision = true
width = 5.9663
height = 0.002
depth = 15.7058
material = ExtResource( 3 )

[node name="dat corner" type="Spatial" parent="."]

[node name="CSGBox44" type="CSGBox" parent="dat corner"]
transform = Transform( -4.37114e-08, 0, -1, 0, 1, 0, 1, 0, -4.37114e-08, -12.4073, 0.412588, -26.4507 )
use_collision = true
width = 0.002
height = 3.08629
depth = 14.6647
material = ExtResource( 2 )

[node name="CSGBox40" type="CSGBox" parent="dat corner"]
transform = Transform( 0.99269, -0.0135015, -0.119934, 0, 0.993723, -0.111868, 0.120691, 0.11105, 0.986459, -15.0381, 1.09458, -26.113 )
use_collision = true
width = 0.002
height = 3.08629
depth = 14.6647
material = ExtResource( 2 )

[node name="CSGBox21" type="CSGBox" parent="dat corner"]
transform = Transform( 1, 0, 0, 0, 1, 0, 0, 0, 1, -7.98948, -1.16762, -23.7979 )
use_collision = true
width = 15.5058
height = 0.002
depth = 5.38633
material = ExtResource( 3 )

[node name="CSGBox22" type="CSGBox" parent="dat corner"]
transform = Transform( 0.119934, -0.0135015, 0.99269, 0.111868, 0.993723, 4.8899e-09, -0.986459, 0.11105, 0.120691, -13.8357, -1.84961, -13.8506 )
use_collision = true
width = 15.5058
height = 0.002
depth = 5.38633
material = ExtResource( 3 )

[node name="CSGBox26" type="CSGBox" parent="dat corner"]
transform = Transform( 1, 0, 0, 0, 1, 0, 0, 0, 1, -7.98948, 1.9864, -23.7979 )
use_collision = true
width = 15.5058
height = 0.002
depth = 5.38633
material = ExtResource( 4 )

[node name="CSGBox27" type="CSGBox" parent="dat corner"]
transform = Transform( -4.37114e-08, 0, 1, 0, 1, 0, -1, 0, -4.37114e-08, -13.1286, 1.9864, -13.3709 )
use_collision = true
width = 15.5058
height = 0.002
depth = 5.38633
material = ExtResource( 4 )

[node name="CSGBox38" type="CSGBox" parent="dat corner"]
transform = Transform( 0.119934, -0.0135015, 0.99269, 0.111868, 0.993723, 4.8899e-09, -0.986459, 0.11105, 0.120691, -5.19501, 0.586709, -20.3716 )
use_collision = true
width = 0.002
height = 3.08629
depth = 10.1528
material = ExtResource( 2 )

[node name="CSGBox35" type="CSGBox" parent="dat corner"]
transform = Transform( -1, 0, -8.74228e-08, 0, 1, 0, 8.74228e-08, 0, -1, -0.189372, 0.412588, -22.0418 )
use_collision = true
width = 0.002
height = 3.08629
depth = 8.43118
material = ExtResource( 2 )

[node name="tiny cooridoor" type="Spatial" parent="."]

[node name="CSGBox28" type="CSGBox" parent="tiny cooridoor"]
transform = Transform( 0.990543, 0, -0.137203, 0, 1, 0, 0.137203, 0, 0.990543, -20.0859, 1.9864, -15.5587 )
use_collision = true
width = 8.5701
height = 0.002
depth = 5.38633
material = ExtResource( 4 )

[node name="CSGBox23" type="CSGBox" parent="tiny cooridoor"]
transform = Transform( 1, 0, 0, 0, 1, 0, 0, 0, 1, -20.0752, -1.16762, -15.5557 )
use_collision = true
width = 8.5701
height = 0.002
depth = 5.38633
material = ExtResource( 3 )

[node name="CSGBox42" type="CSGBox" parent="tiny cooridoor"]
transform = Transform( 0.137202, 0, 0.990543, 0, 1, 0, -0.990543, 0, 0.137202, -20.4183, 0.412588, -12.9207 )
use_collision = true
width = 0.002
height = 3.08629
depth = 8.60653
material = ExtResource( 2 )

[node name="CSGBox43" type="CSGBox" parent="tiny cooridoor"]
transform = Transform( -0.137203, 0, -0.990543, 0, 1, 0, 0.990543, 0, -0.137203, -19.667, 0.412588, -18.3446 )
use_collision = true
width = 0.002
height = 3.08629
depth = 8.60653
material = ExtResource( 2 )

[node name="locker room" type="Spatial" parent="."]

[node name="CSGBox62" type="CSGBox" parent="locker room"]
transform = Transform( 0.991689, -0.0562572, 0.115707, 0.0558781, 0.998416, 0.00651968, -0.115891, 0, 0.993262, -47.396, -1.72044, -19.1994 )
use_collision = true
width = 44.9765
height = 0.002
depth = 29.3129
material = ExtResource( 3 )

[node name="CSGBox63" type="CSGBox" parent="locker room"]
transform = Transform( 1, 0, 0, 0, 1, 0, 0, 0, 1, -46.7184, 1.93183, -20.2916 )
use_collision = true
width = 44.9765
height = 0.002
depth = 29.3129
material = ExtResource( 4 )

[node name="CSGBox59" type="CSGBox" parent="locker room"]
transform = Transform( -0.115707, -0.0562572, 0.991689, -0.00651968, 0.998416, 0.0558781, -0.993262, 0, -0.115891, -27.9928, 0.960497, -7.60389 )
use_collision = true
width = 0.002
height = 3.08629
depth = 8.60653
material = ExtResource( 2 )

[node name="CSGBox65" type="CSGBox" parent="locker room"]
transform = Transform( 0.991689, -0.0562572, 0.115707, 0.0558781, 0.998416, 0.00651968, -0.115891, 0, 0.993262, -32.7451, 0.692719, -11.3645 )
use_collision = true
width = 0.002
height = 3.08629
depth = 8.60653
material = ExtResource( 2 )

[node name="CSGBox66" type="CSGBox" parent="locker room"]
transform = Transform( -1, 0, -8.74228e-08, 0, 1, 0, 8.74228e-08, 0, -1, -24.3624, 0.412588, -8.58981 )
use_collision = true
width = 0.002
height = 3.08629
depth = 8.60653
material = ExtResource( 2 )

[node name="CSGBox64" type="CSGBox" parent="locker room"]
transform = Transform( 0.115707, -0.0562572, -0.991689, 0.00651968, 0.998416, -0.0558781, 0.993262, 0, 0.115891, -29.3652, 0.883167, -19.385 )
use_collision = true
width = 0.002
height = 3.08629
depth = 8.60653
material = ExtResource( 2 )

[node name="sorry, youve got the wrong airlock mr freeman" type="Spatial" parent="."]
transform = Transform( 0.997565, -0.0697391, 0, 0.0697391, 0.997565, 0, 0, 0, 1, 0, 0, 0 )

[node name="CSGBox50" type="CSGBox" parent="sorry, youve got the wrong airlock mr freeman"]
transform = Transform( -4.37114e-08, 0, -1, 0, 1, 0, 1, 0, -4.37114e-08, -31.0132, 0.323501, 1.67508 )
use_collision = true
width = 0.002
height = 3.08629
depth = 30.4016
material = ExtResource( 2 )

[node name="CSGBox51" type="CSGBox" parent="sorry, youve got the wrong airlock mr freeman"]
transform = Transform( -4.36703e-08, -0.0433404, 0.99906, -1.89447e-09, 0.99906, 0.0433404, -1, 0, -4.37114e-08, -26.0484, 0.516642, 6.22522 )
use_collision = true
width = 0.002
height = 3.08629
depth = 31.0542
material = ExtResource( 2 )

[node name="CSGBox52" type="CSGBox" parent="sorry, youve got the wrong airlock mr freeman"]
transform = Transform( 1, 0, 0, 0, 1, 0, 0, 0, 1, -41.6539, 0.323501, 9.5948 )
use_collision = true
width = 0.002
height = 3.08629
depth = 6.7776
material = ExtResource( 2 )

[node name="CSGBox53" type="CSGBox" parent="sorry, youve got the wrong airlock mr freeman"]
transform = Transform( 0.99906, -0.0433404, 0, 0.0433404, 0.99906, 0, 0, 0, 1, -45.1852, -0.313534, 7.04863 )
use_collision = true
width = 0.002
height = 3.08629
depth = 10.6357
material = ExtResource( 2 )

[node name="CSGBox54" type="CSGBox" parent="sorry, youve got the wrong airlock mr freeman"]
transform = Transform( -4.36703e-08, -0.0433404, 0.99906, -1.89447e-09, 0.99906, 0.0433404, -1, 0, -4.37114e-08, -43.0824, -0.222311, 23.0761 )
use_collision = true
width = 0.002
height = 3.08629
depth = 10.6357
material = ExtResource( 2 )

[node name="CSGBox57" type="CSGBox" parent="sorry, youve got the wrong airlock mr freeman"]
transform = Transform( -4.36703e-08, -0.0433404, -0.99906, -1.89447e-09, 0.99906, -0.0433404, 1, 0, -4.37114e-08, -39.5835, -0.0705247, 12.5269 )
use_collision = true
width = 0.002
height = 3.08629
depth = 4.23421
material = ExtResource( 2 )

[node name="CSGBox58" type="CSGBox" parent="sorry, youve got the wrong airlock mr freeman"]
transform = Transform( -4.37114e-08, 0, -1, 0, 1, 0, 1, 0, -4.37114e-08, -47.3179, 0.323501, 12.3142 )
use_collision = true
width = 0.002
height = 3.08629
depth = 4.23421
material = ExtResource( 2 )

[node name="CSGBox55" type="CSGBox" parent="sorry, youve got the wrong airlock mr freeman"]
transform = Transform( 1, 0, 0, 0, 1, 0, 0, 0, 1, -48.4879, 0.323501, 47.4917 )
use_collision = true
width = 0.002
height = 3.08629
depth = 10.6357
material = ExtResource( 2 )

[node name="CSGBox60" type="CSGBox" parent="sorry, youve got the wrong airlock mr freeman"]
transform = Transform( 0.994981, 0.100067, 0, -0.100067, 0.994981, 0, 0, 0, 1, -27.1198, -1.17253, 8.76745 )
use_collision = true
width = 44.9765
height = 0.002
depth = 29.3129
material = ExtResource( 3 )

[node name="CSGBox61" type="CSGBox" parent="sorry, youve got the wrong airlock mr freeman"]
transform = Transform( 0.99906, -0.0433404, 0, 0.0433404, 0.99906, 0, 0, 0, 1, -27.1578, 2.07836, 8.76745 )
use_collision = true
width = 44.9765
height = 0.002
depth = 29.3129
material = ExtResource( 4 )

[node name="CSGBox56" type="CSGBox" parent="sorry, youve got the wrong airlock mr freeman"]
transform = Transform( -1, 0, -8.74228e-08, 0, 1, 0, 8.74228e-08, 0, -1, -37.8618, 0.323501, 17.8071 )
use_collision = true
width = 0.002
height = 3.08629
depth = 10.6357
material = ExtResource( 2 )

[node name="CSGBox39" type="CSGBox" parent="sorry, youve got the wrong airlock mr freeman"]
transform = Transform( -1, 0, -8.74228e-08, 0, 1, 0, 8.74228e-08, 0, -1, 8.88665, 0.323501, 12.5171 )
use_collision = true
width = 0.002
height = 3.08629
depth = 26.6107
material = ExtResource( 2 )

[node name="CSGBox41" type="CSGBox" parent="sorry, youve got the wrong airlock mr freeman"]
transform = Transform( 0.99906, -0.0433404, 0, 0.0433404, 0.99906, 0, 0, 0, 1, -15.785, 1.05105, -5.55571 )
use_collision = true
width = 0.002
height = 3.08629
depth = 14.6647
material = ExtResource( 2 )
