[gd_scene load_steps=2 format=2]

[ext_resource path="res://models/aaa.gd" type="Script" id=1]

[node name="Player" type="Spatial"]
script = ExtResource( 1 )

[node name="Head" type="Spatial" parent="."]
transform = Transform( 1, 0, 0, 0, 1, 0, 0, 0, 1, 0, 0.64, 0 )

[node name="Camera" type="Camera" parent="Head"]
current = true
far = 173.3

[node name="RayCast" type="RayCast" parent="Head/Camera"]
transform = Transform( 1, 0, 0, 0, 1, 0, 0, 0, 1, 0, -0.00744259, 0 )
enabled = true
cast_to = Vector3( 0, 0, -10 )

[node name="RayCast2" type="RayCast" parent="Head/Camera"]
transform = Transform( 0.99942, 0, -0.0340622, 0, 1, 0, 0.0340622, 0, 0.99942, 0, -0.00744259, 0 )
enabled = true
cast_to = Vector3( 0, 0, -10 )

[node name="RayCast3" type="RayCast" parent="Head/Camera"]
transform = Transform( 0.998267, 0, 0.0588534, 0, 1, 0, -0.0588534, 0, 0.998267, 0, -0.00744259, 0 )
enabled = true
cast_to = Vector3( 0, 0, -10 )

[node name="RayCast4" type="RayCast" parent="Head/Camera"]
transform = Transform( 0.999692, 0, 0.024816, 0, 1, 0, -0.024816, 0, 0.999692, 0, -0.00744259, 0 )
enabled = true
cast_to = Vector3( 0, 0, -10 )

[node name="RayCast5" type="RayCast" parent="Head/Camera"]
transform = Transform( 0.992193, 0, -0.12471, 0, 1, 0, 0.12471, 0, 0.992193, 0, -0.00744259, 0 )
enabled = true
cast_to = Vector3( 0, 0, -10 )

[node name="RayCast6" type="RayCast" parent="Head/Camera"]
transform = Transform( 0.98737, 0, -0.158434, 0, 1, 0, 0.158434, 0, 0.98737, 0, -0.00744259, 0 )
enabled = true
cast_to = Vector3( 0, 0, -10 )

[node name="RayCast7" type="RayCast" parent="Head/Camera"]
transform = Transform( 0.997813, 0, -0.0660997, 0, 1, 0, 0.0660997, 0, 0.997813, 0, -0.00744259, 0 )
enabled = true
cast_to = Vector3( 0, 0, -10 )

[node name="RayCast8" type="RayCast" parent="Head/Camera"]
transform = Transform( 0.994983, 0, -0.100049, 0, 1, 0, 0.100049, 0, 0.994983, 0, -0.00744259, 0 )
enabled = true
cast_to = Vector3( 0, 0, -10 )

[node name="RayCast9" type="RayCast" parent="Head/Camera"]
transform = Transform( 0.993173, 0, 0.116653, 0, 1, 0, -0.116653, 0, 0.993173, 0, -0.00744259, 0 )
enabled = true
cast_to = Vector3( 0, 0, -10 )

[node name="RayCast10" type="RayCast" parent="Head/Camera"]
transform = Transform( 0.99657, 0, 0.082756, 0, 1, 0, -0.082756, 0, 0.99657, 0, -0.00744259, 0 )
enabled = true
cast_to = Vector3( 0, 0, -10 )

[node name="RayCast11" type="RayCast" parent="Head/Camera"]
transform = Transform( 0.984586, 0, 0.174903, 0, 1, 0, -0.174903, 0, 0.984586, 0, -0.00744259, 0 )
enabled = true
cast_to = Vector3( 0, 0, -10 )

[node name="RayCast12" type="RayCast" parent="Head/Camera"]
transform = Transform( 0.989972, 0, 0.141264, 0, 1, 0, -0.141264, 0, 0.989972, 0, -0.00744259, 0 )
enabled = true
cast_to = Vector3( 0, 0, -10 )

[node name="RayCast13" type="RayCast" parent="Head/Camera"]
transform = Transform( 0.928784, 0, -0.370622, 0, 1, 0, 0.370622, 0, 0.928784, 0, -0.00744259, 0 )
enabled = true
cast_to = Vector3( 0, 0, -10 )

[node name="RayCast14" type="RayCast" parent="Head/Camera"]
transform = Transform( 0.91562, 0, -0.402044, 0, 1, 0, 0.402044, 0, 0.91562, 0, -0.00744259, 0 )
enabled = true
cast_to = Vector3( 0, 0, -10 )

[node name="RayCast15" type="RayCast" parent="Head/Camera"]
transform = Transform( 0.948986, 0, -0.315318, 0, 1, 0, 0.315318, 0, 0.948986, 0, -0.00744259, 0 )
enabled = true
cast_to = Vector3( 0, 0, -10 )

[node name="RayCast16" type="RayCast" parent="Head/Camera"]
transform = Transform( 0.937695, 0, -0.347459, 0, 1, 0, 0.347459, 0, 0.937695, 0, -0.00744259, 0 )
enabled = true
cast_to = Vector3( 0, 0, -10 )

[node name="RayCast17" type="RayCast" parent="Head/Camera"]
transform = Transform( 0.875313, 0, -0.483557, 0, 1, 0, 0.483557, 0, 0.875313, 0, -0.00744259, 0 )
enabled = true
cast_to = Vector3( 0, 0, -10 )

[node name="RayCast18" type="RayCast" parent="Head/Camera"]
transform = Transform( 0.858334, 0, -0.513092, 0, 1, 0, 0.513092, 0, 0.858334, 0, -0.00744259, 0 )
enabled = true
cast_to = Vector3( 0, 0, -10 )

[node name="RayCast19" type="RayCast" parent="Head/Camera"]
transform = Transform( 0.902254, 0, -0.431204, 0, 1, 0, 0.431204, 0, 0.902254, 0, -0.00744259, 0 )
enabled = true
cast_to = Vector3( 0, 0, -10 )

[node name="RayCast20" type="RayCast" parent="Head/Camera"]
transform = Transform( 0.887043, 0, -0.461687, 0, 1, 0, 0.461687, 0, 0.887043, 0, -0.00744259, 0 )
enabled = true
cast_to = Vector3( 0, 0, -10 )

[node name="RayCast21" type="RayCast" parent="Head/Camera"]
transform = Transform( 0.965677, 0, -0.259746, 0, 1, 0, 0.259746, 0, 0.965677, 0, -0.00744259, 0 )
enabled = true
cast_to = Vector3( 0, 0, -10 )

[node name="RayCast22" type="RayCast" parent="Head/Camera"]
transform = Transform( 0.956269, 0, -0.292489, 0, 1, 0, 0.292489, 0, 0.956269, 0, -0.00744259, 0 )
enabled = true
cast_to = Vector3( 0, 0, -10 )

[node name="RayCast23" type="RayCast" parent="Head/Camera"]
transform = Transform( 0.97929, 0, -0.202463, 0, 1, 0, 0.202463, 0, 0.97929, 0, -0.00744259, 0 )
enabled = true
cast_to = Vector3( 0, 0, -10 )

[node name="RayCast24" type="RayCast" parent="Head/Camera"]
transform = Transform( 0.971825, 0, -0.235702, 0, 1, 0, 0.235702, 0, 0.971825, 0, -0.00744259, 0 )
enabled = true
cast_to = Vector3( 0, 0, -10 )

[node name="RayCast25" type="RayCast" parent="Head/Camera"]
transform = Transform( 0.931075, 0, 0.364828, 0, 1, 0, -0.364828, 0, 0.931075, 0, -0.00744259, 0 )
enabled = true
cast_to = Vector3( 0, 0, -10 )

[node name="RayCast26" type="RayCast" parent="Head/Camera"]
transform = Transform( 0.942961, 0, 0.332902, 0, 1, 0, -0.332902, 0, 0.942961, 0, -0.00744259, 0 )
enabled = true
cast_to = Vector3( 0, 0, -10 )

[node name="RayCast27" type="RayCast" parent="Head/Camera"]
transform = Transform( 0.90799, 0, 0.418993, 0, 1, 0, -0.418993, 0, 0.90799, 0, -0.00744259, 0 )
enabled = true
cast_to = Vector3( 0, 0, -10 )

[node name="RayCast28" type="RayCast" parent="Head/Camera"]
transform = Transform( 0.921735, 0, 0.387821, 0, 1, 0, -0.387821, 0, 0.921735, 0, -0.00744259, 0 )
enabled = true
cast_to = Vector3( 0, 0, -10 )

[node name="RayCast29" type="RayCast" parent="Head/Camera"]
transform = Transform( 0.969304, 0, 0.245866, 0, 1, 0, -0.245866, 0, 0.969304, 0, -0.00744259, 0 )
enabled = true
cast_to = Vector3( 0, 0, -10 )

[node name="RayCast30" type="RayCast" parent="Head/Camera"]
transform = Transform( 0.977116, 0, 0.212706, 0, 1, 0, -0.212706, 0, 0.977116, 0, -0.00744259, 0 )
enabled = true
cast_to = Vector3( 0, 0, -10 )

[node name="RayCast31" type="RayCast" parent="Head/Camera"]
transform = Transform( 0.953154, 0, 0.302486, 0, 1, 0, -0.302486, 0, 0.953154, 0, -0.00744259, 0 )
enabled = true
cast_to = Vector3( 0, 0, -10 )

[node name="RayCast32" type="RayCast" parent="Head/Camera"]
transform = Transform( 0.962904, 0, 0.269844, 0, 1, 0, -0.269844, 0, 0.962904, 0, -0.00744259, 0 )
enabled = true
cast_to = Vector3( 0, 0, -10 )

[node name="RayCast33" type="RayCast" parent="Head/Camera"]
transform = Transform( 0.88216, 0, 0.47095, 0, 1, 0, -0.47095, 0, 0.88216, 0, -0.00744259, 0 )
enabled = true
cast_to = Vector3( 0, 0, -10 )

[node name="RayCast34" type="RayCast" parent="Head/Camera"]
transform = Transform( 0.897689, 0, 0.440629, 0, 1, 0, -0.440629, 0, 0.897689, 0, -0.00744259, 0 )
enabled = true
cast_to = Vector3( 0, 0, -10 )

[node name="RayCast35" type="RayCast" parent="Head/Camera"]
transform = Transform( 0.852914, 0, 0.522052, 0, 1, 0, -0.522052, 0, 0.852914, 0, -0.00744259, 0 )
enabled = true
cast_to = Vector3( 0, 0, -10 )

[node name="RayCast36" type="RayCast" parent="Head/Camera"]
transform = Transform( 0.870201, 0, 0.492697, 0, 1, 0, -0.492697, 0, 0.870201, 0, -0.00744259, 0 )
enabled = true
cast_to = Vector3( 0, 0, -10 )

[node name="RayCast37" type="RayCast" parent="Head/Camera"]
transform = Transform( 1, 0, 0, 0, 0.997271, -0.07383, 0, 0.07383, 0.997271, 0, -0.00744259, -1.46813e-09 )
enabled = true
cast_to = Vector3( 0, 0, -10 )

[node name="RayCast38" type="RayCast" parent="Head/Camera"]
transform = Transform( 0.99942, 0, -0.0340622, -0.00251481, 0.997271, -0.0737872, 0.0339693, 0.07383, 0.996692, 0, -0.00744259, -1.46813e-09 )
enabled = true
cast_to = Vector3( 0, 0, -10 )

[node name="RayCast39" type="RayCast" parent="Head/Camera"]
transform = Transform( 0.998267, 0, 0.0588534, 0.00434515, 0.997271, -0.073702, -0.0586928, 0.07383, 0.995542, 0, -0.00744259, -1.46813e-09 )
enabled = true
cast_to = Vector3( 0, 0, -10 )

[node name="RayCast40" type="RayCast" parent="Head/Camera"]
transform = Transform( 0.999692, 0, 0.024816, 0.00183217, 0.997271, -0.0738073, -0.0247483, 0.07383, 0.996964, 0, -0.00744259, -1.46813e-09 )
enabled = true
cast_to = Vector3( 0, 0, -10 )

[node name="RayCast41" type="RayCast" parent="Head/Camera"]
transform = Transform( 0.992193, 0, -0.12471, -0.00920733, 0.997271, -0.0732536, 0.124369, 0.07383, 0.989485, 0, -0.00744259, -1.46813e-09 )
enabled = true
cast_to = Vector3( 0, 0, -10 )

[node name="RayCast42" type="RayCast" parent="Head/Camera"]
transform = Transform( 0.98737, 0, -0.158434, -0.0116972, 0.997271, -0.0728975, 0.158001, 0.07383, 0.984675, 0, -0.00744259, -1.46813e-09 )
enabled = true
cast_to = Vector3( 0, 0, -10 )

[node name="RayCast43" type="RayCast" parent="Head/Camera"]
transform = Transform( 0.997813, 0, -0.0660997, -0.00488014, 0.997271, -0.0736685, 0.0659193, 0.07383, 0.99509, 0, -0.00744259, -1.46813e-09 )
enabled = true
cast_to = Vector3( 0, 0, -10 )

[node name="RayCast44" type="RayCast" parent="Head/Camera"]
transform = Transform( 0.994983, 0, -0.100049, -0.00738663, 0.997271, -0.0734596, 0.0997761, 0.07383, 0.992267, 0, -0.00744259, -1.46813e-09 )
enabled = true
cast_to = Vector3( 0, 0, -10 )

[node name="RayCast45" type="RayCast" parent="Head/Camera"]
transform = Transform( 0.993173, 0, 0.116653, 0.00861252, 0.997271, -0.0733259, -0.116335, 0.07383, 0.990462, 0, -0.00744259, -1.46813e-09 )
enabled = true
cast_to = Vector3( 0, 0, -10 )

[node name="RayCast46" type="RayCast" parent="Head/Camera"]
transform = Transform( 0.99657, 0, 0.082756, 0.00610988, 0.997271, -0.0735767, -0.0825302, 0.07383, 0.99385, 0, -0.00744259, -1.46813e-09 )
enabled = true
cast_to = Vector3( 0, 0, -10 )

[node name="RayCast47" type="RayCast" parent="Head/Camera"]
transform = Transform( 0.984586, 0, 0.174903, 0.0129131, 0.997271, -0.072692, -0.174425, 0.07383, 0.981899, 0, -0.00744259, -1.46813e-09 )
enabled = true
cast_to = Vector3( 0, 0, -10 )

[node name="RayCast48" type="RayCast" parent="Head/Camera"]
transform = Transform( 0.989972, 0, 0.141264, 0.0104295, 0.997271, -0.0730896, -0.140879, 0.07383, 0.98727, 0, -0.00744259, -1.46813e-09 )
enabled = true
cast_to = Vector3( 0, 0, -10 )

[node name="RayCast49" type="RayCast" parent="Head/Camera"]
transform = Transform( 0.928784, 0, -0.370622, -0.027363, 0.997271, -0.0685721, 0.369611, 0.07383, 0.926249, 0, -0.00744259, -1.46813e-09 )
enabled = true
cast_to = Vector3( 0, 0, -10 )

[node name="RayCast50" type="RayCast" parent="Head/Camera"]
transform = Transform( 0.91562, 0, -0.402044, -0.0296829, 0.997271, -0.0676003, 0.400946, 0.07383, 0.913122, 0, -0.00744259, -1.46813e-09 )
enabled = true
cast_to = Vector3( 0, 0, -10 )

[node name="RayCast51" type="RayCast" parent="Head/Camera"]
transform = Transform( 0.948986, 0, -0.315318, -0.0232799, 0.997271, -0.0700636, 0.314457, 0.07383, 0.946396, 0, -0.00744259, -1.46813e-09 )
enabled = true
cast_to = Vector3( 0, 0, -10 )

[node name="RayCast52" type="RayCast" parent="Head/Camera"]
transform = Transform( 0.937695, 0, -0.347459, -0.0256529, 0.997271, -0.06923, 0.346511, 0.07383, 0.935136, 0, -0.00744259, -1.46813e-09 )
enabled = true
cast_to = Vector3( 0, 0, -10 )

[node name="RayCast53" type="RayCast" parent="Head/Camera"]
transform = Transform( 0.875313, 0, -0.483557, -0.035701, 0.997271, -0.0646243, 0.482238, 0.07383, 0.872924, 0, -0.00744259, -1.46813e-09 )
enabled = true
cast_to = Vector3( 0, 0, -10 )

[node name="RayCast54" type="RayCast" parent="Head/Camera"]
transform = Transform( 0.858334, 0, -0.513092, -0.0378816, 0.997271, -0.0633708, 0.511692, 0.07383, 0.855991, 0, -0.00744259, -1.46813e-09 )
enabled = true
cast_to = Vector3( 0, 0, -10 )

[node name="RayCast55" type="RayCast" parent="Head/Camera"]
transform = Transform( 0.902254, 0, -0.431204, -0.0318358, 0.997271, -0.0666134, 0.430027, 0.07383, 0.899792, 0, -0.00744259, -1.46813e-09 )
enabled = true
cast_to = Vector3( 0, 0, -10 )

[node name="RayCast56" type="RayCast" parent="Head/Camera"]
transform = Transform( 0.887043, 0, -0.461687, -0.0340863, 0.997271, -0.0654904, 0.460427, 0.07383, 0.884622, 0, -0.00744259, -1.46813e-09 )
enabled = true
cast_to = Vector3( 0, 0, -10 )

[node name="RayCast57" type="RayCast" parent="Head/Camera"]
transform = Transform( 0.965677, 0, -0.259746, -0.0191771, 0.997271, -0.0712959, 0.259037, 0.07383, 0.963041, 0, -0.00744259, -1.46813e-09 )
enabled = true
cast_to = Vector3( 0, 0, -10 )

[node name="RayCast58" type="RayCast" parent="Head/Camera"]
transform = Transform( 0.956269, 0, -0.292489, -0.0215944, 0.997271, -0.0706013, 0.29169, 0.07383, 0.953659, 0, -0.00744259, -1.46813e-09 )
enabled = true
cast_to = Vector3( 0, 0, -10 )

[node name="RayCast59" type="RayCast" parent="Head/Camera"]
transform = Transform( 0.97929, 0, -0.202463, -0.0149478, 0.997271, -0.072301, 0.20191, 0.07383, 0.976617, 0, -0.00744259, -1.46813e-09 )
enabled = true
cast_to = Vector3( 0, 0, -10 )

[node name="RayCast60" type="RayCast" parent="Head/Camera"]
transform = Transform( 0.971825, 0, -0.235702, -0.0174019, 0.997271, -0.0717499, 0.235059, 0.07383, 0.969173, 0, -0.00744259, -1.46813e-09 )
enabled = true
cast_to = Vector3( 0, 0, -10 )

[node name="RayCast61" type="RayCast" parent="Head/Camera"]
transform = Transform( 0.931075, 0, 0.364828, 0.0269353, 0.997271, -0.0687413, -0.363832, 0.07383, 0.928534, 0, -0.00744259, -1.46813e-09 )
enabled = true
cast_to = Vector3( 0, 0, -10 )

[node name="RayCast62" type="RayCast" parent="Head/Camera"]
transform = Transform( 0.942961, 0, 0.332902, 0.0245781, 0.997271, -0.0696188, -0.331993, 0.07383, 0.940388, 0, -0.00744259, -1.46813e-09 )
enabled = true
cast_to = Vector3( 0, 0, -10 )

[node name="RayCast63" type="RayCast" parent="Head/Camera"]
transform = Transform( 0.90799, 0, 0.418993, 0.0309342, 0.997271, -0.0670369, -0.417849, 0.07383, 0.905512, 0, -0.00744259, -1.46813e-09 )
enabled = true
cast_to = Vector3( 0, 0, -10 )

[node name="RayCast64" type="RayCast" parent="Head/Camera"]
transform = Transform( 0.921735, 0, 0.387821, 0.0286328, 0.997271, -0.0680517, -0.386763, 0.07383, 0.919219, 0, -0.00744259, -1.46813e-09 )
enabled = true
cast_to = Vector3( 0, 0, -10 )

[node name="RayCast65" type="RayCast" parent="Head/Camera"]
transform = Transform( 0.969304, 0, 0.245866, 0.0181523, 0.997271, -0.0715637, -0.245195, 0.07383, 0.966659, 0, -0.00744259, -1.46813e-09 )
enabled = true
cast_to = Vector3( 0, 0, -10 )

[node name="RayCast66" type="RayCast" parent="Head/Camera"]
transform = Transform( 0.977116, 0, 0.212706, 0.0157041, 0.997271, -0.0721405, -0.212126, 0.07383, 0.974449, 0, -0.00744259, -1.46813e-09 )
enabled = true
cast_to = Vector3( 0, 0, -10 )

[node name="RayCast67" type="RayCast" parent="Head/Camera"]
transform = Transform( 0.953154, 0, 0.302486, 0.0223326, 0.997271, -0.0703713, -0.301661, 0.07383, 0.950552, 0, -0.00744259, -1.46813e-09 )
enabled = true
cast_to = Vector3( 0, 0, -10 )

[node name="RayCast68" type="RayCast" parent="Head/Camera"]
transform = Transform( 0.962904, 0, 0.269844, 0.0199226, 0.997271, -0.0710912, -0.269108, 0.07383, 0.960276, 0, -0.00744259, -1.46813e-09 )
enabled = true
cast_to = Vector3( 0, 0, -10 )

[node name="RayCast69" type="RayCast" parent="Head/Camera"]
transform = Transform( 0.88216, 0, 0.47095, 0.0347703, 0.997271, -0.0651299, -0.469665, 0.07383, 0.879752, 0, -0.00744259, -1.46813e-09 )
enabled = true
cast_to = Vector3( 0, 0, -10 )

[node name="RayCast70" type="RayCast" parent="Head/Camera"]
transform = Transform( 0.897689, 0, 0.440629, 0.0325316, 0.997271, -0.0662764, -0.439426, 0.07383, 0.89524, 0, -0.00744259, -1.46813e-09 )
enabled = true
cast_to = Vector3( 0, 0, -10 )

[node name="RayCast71" type="RayCast" parent="Head/Camera"]
transform = Transform( 0.852914, 0, 0.522052, 0.0385431, 0.997271, -0.0629706, -0.520627, 0.07383, 0.850586, 0, -0.00744259, -1.46813e-09 )
enabled = true
cast_to = Vector3( 0, 0, -10 )

[node name="RayCast72" type="RayCast" parent="Head/Camera"]
transform = Transform( 0.870201, 0, 0.492697, 0.0363758, 0.997271, -0.0642469, -0.491352, 0.07383, 0.867826, 0, -0.00744259, -1.46813e-09 )
enabled = true
cast_to = Vector3( 0, 0, -10 )

[node name="RayCast73" type="RayCast" parent="Head/Camera"]
transform = Transform( 1, 0, 0, 0, 0.986652, -0.162844, 0, 0.162844, 0.986652, 0, -0.00744259, 6.50964e-10 )
enabled = true
cast_to = Vector3( 0, 0, -10 )

[node name="RayCast74" type="RayCast" parent="Head/Camera"]
transform = Transform( 0.99942, 0, -0.0340622, -0.00554682, 0.986652, -0.162749, 0.0336076, 0.162844, 0.986079, 0, -0.00744259, 6.50964e-10 )
enabled = true
cast_to = Vector3( 0, 0, -10 )

[node name="RayCast75" type="RayCast" parent="Head/Camera"]
transform = Transform( 0.998267, 0, 0.0588534, 0.00958391, 0.986652, -0.162562, -0.0580678, 0.162844, 0.984942, 0, -0.00744259, 6.50964e-10 )
enabled = true
cast_to = Vector3( 0, 0, -10 )

[node name="RayCast76" type="RayCast" parent="Head/Camera"]
transform = Transform( 0.999692, 0, 0.024816, 0.00404114, 0.986652, -0.162794, -0.0244848, 0.162844, 0.986348, 0, -0.00744259, 6.50964e-10 )
enabled = true
cast_to = Vector3( 0, 0, -10 )

[node name="RayCast77" type="RayCast" parent="Head/Camera"]
transform = Transform( 0.992193, 0, -0.12471, -0.0203082, 0.986652, -0.161573, 0.123045, 0.162844, 0.978949, 0, -0.00744259, 6.50964e-10 )
enabled = true
cast_to = Vector3( 0, 0, -10 )

[node name="RayCast78" type="RayCast" parent="Head/Camera"]
transform = Transform( 0.98737, 0, -0.158434, -0.0258, 0.986652, -0.160787, 0.156319, 0.162844, 0.97419, 0, -0.00744259, 6.50964e-10 )
enabled = true
cast_to = Vector3( 0, 0, -10 )

[node name="RayCast79" type="RayCast" parent="Head/Camera"]
transform = Transform( 0.997813, 0, -0.0660997, -0.0107639, 0.986652, -0.162488, 0.0652174, 0.162844, 0.984494, 0, -0.00744259, 6.50964e-10 )
enabled = true
cast_to = Vector3( 0, 0, -10 )

[node name="RayCast80" type="RayCast" parent="Head/Camera"]
transform = Transform( 0.994983, 0, -0.100049, -0.0162924, 0.986652, -0.162027, 0.0987137, 0.162844, 0.981701, 0, -0.00744259, 6.50964e-10 )
enabled = true
cast_to = Vector3( 0, 0, -10 )

[node name="RayCast81" type="RayCast" parent="Head/Camera"]
transform = Transform( 0.993173, 0, 0.116653, 0.0189963, 0.986652, -0.161732, -0.115096, 0.162844, 0.979916, 0, -0.00744259, 6.50964e-10 )
enabled = true
cast_to = Vector3( 0, 0, -10 )

[node name="RayCast82" type="RayCast" parent="Head/Camera"]
transform = Transform( 0.99657, 0, 0.082756, 0.0134763, 0.986652, -0.162285, -0.0816514, 0.162844, 0.983267, 0, -0.00744259, 6.50964e-10 )
enabled = true
cast_to = Vector3( 0, 0, -10 )

[node name="RayCast83" type="RayCast" parent="Head/Camera"]
transform = Transform( 0.984586, 0, 0.174903, 0.0284818, 0.986652, -0.160334, -0.172568, 0.162844, 0.971443, 0, -0.00744259, 6.50964e-10 )
enabled = true
cast_to = Vector3( 0, 0, -10 )

[node name="RayCast84" type="RayCast" parent="Head/Camera"]
transform = Transform( 0.989972, 0, 0.141264, 0.023004, 0.986652, -0.161211, -0.139378, 0.162844, 0.976758, 0, -0.00744259, 6.50964e-10 )
enabled = true
cast_to = Vector3( 0, 0, -10 )

[node name="RayCast85" type="RayCast" parent="Head/Camera"]
transform = Transform( 0.928784, 0, -0.370622, -0.0603535, 0.986652, -0.151247, 0.365675, 0.162844, 0.916386, 0, -0.00744259, 6.50964e-10 )
enabled = true
cast_to = Vector3( 0, 0, -10 )

[node name="RayCast86" type="RayCast" parent="Head/Camera"]
transform = Transform( 0.91562, 0, -0.402044, -0.0654703, 0.986652, -0.149103, 0.396677, 0.162844, 0.903399, 0, -0.00744259, 6.50964e-10 )
enabled = true
cast_to = Vector3( 0, 0, -10 )

[node name="RayCast87" type="RayCast" parent="Head/Camera"]
transform = Transform( 0.948986, 0, -0.315318, -0.0513476, 0.986652, -0.154537, 0.311109, 0.162844, 0.936319, 0, -0.00744259, 6.50964e-10 )
enabled = true
cast_to = Vector3( 0, 0, -10 )

[node name="RayCast88" type="RayCast" parent="Head/Camera"]
transform = Transform( 0.937695, 0, -0.347459, -0.0565816, 0.986652, -0.152698, 0.342821, 0.162844, 0.925178, 0, -0.00744259, 6.50964e-10 )
enabled = true
cast_to = Vector3( 0, 0, -10 )

[node name="RayCast89" type="RayCast" parent="Head/Camera"]
transform = Transform( 0.875313, 0, -0.483557, -0.0787443, 0.986652, -0.142539, 0.477103, 0.162844, 0.863629, 0, -0.00744259, 6.50964e-10 )
enabled = true
cast_to = Vector3( 0, 0, -10 )

[node name="RayCast90" type="RayCast" parent="Head/Camera"]
transform = Transform( 0.858334, 0, -0.513092, -0.0835538, 0.986652, -0.139774, 0.506243, 0.162844, 0.846876, 0, -0.00744259, 6.50964e-10 )
enabled = true
cast_to = Vector3( 0, 0, -10 )

[node name="RayCast91" type="RayCast" parent="Head/Camera"]
transform = Transform( 0.902254, 0, -0.431204, -0.0702189, 0.986652, -0.146927, 0.425448, 0.162844, 0.890211, 0, -0.00744259, 6.50964e-10 )
enabled = true
cast_to = Vector3( 0, 0, -10 )

[node name="RayCast92" type="RayCast" parent="Head/Camera"]
transform = Transform( 0.887043, 0, -0.461687, -0.0751828, 0.986652, -0.144449, 0.455524, 0.162844, 0.875203, 0, -0.00744259, 6.50964e-10 )
enabled = true
cast_to = Vector3( 0, 0, -10 )

[node name="RayCast93" type="RayCast" parent="Head/Camera"]
transform = Transform( 0.965677, 0, -0.259746, -0.0422981, 0.986652, -0.157255, 0.256279, 0.162844, 0.952787, 0, -0.00744259, 6.50964e-10 )
enabled = true
cast_to = Vector3( 0, 0, -10 )

[node name="RayCast94" type="RayCast" parent="Head/Camera"]
transform = Transform( 0.956269, 0, -0.292489, -0.0476299, 0.986652, -0.155722, 0.288584, 0.162844, 0.943505, 0, -0.00744259, 6.50964e-10 )
enabled = true
cast_to = Vector3( 0, 0, -10 )

[node name="RayCast95" type="RayCast" parent="Head/Camera"]
transform = Transform( 0.97929, 0, -0.202463, -0.0329698, 0.986652, -0.159471, 0.19976, 0.162844, 0.966218, 0, -0.00744259, 6.50964e-10 )
enabled = true
cast_to = Vector3( 0, 0, -10 )

[node name="RayCast96" type="RayCast" parent="Head/Camera"]
transform = Transform( 0.971825, 0, -0.235702, -0.0383826, 0.986652, -0.158256, 0.232556, 0.162844, 0.958853, 0, -0.00744259, 6.50964e-10 )
enabled = true
cast_to = Vector3( 0, 0, -10 )

[node name="RayCast97" type="RayCast" parent="Head/Camera"]
transform = Transform( 0.931075, 0, 0.364828, 0.05941, 0.986652, -0.15162, -0.359958, 0.162844, 0.918647, 0, -0.00744259, 6.50964e-10 )
enabled = true
cast_to = Vector3( 0, 0, -10 )

[node name="RayCast98" type="RayCast" parent="Head/Camera"]
transform = Transform( 0.942961, 0, 0.332902, 0.054211, 0.986652, -0.153555, -0.328458, 0.162844, 0.930375, 0, -0.00744259, 6.50964e-10 )
enabled = true
cast_to = Vector3( 0, 0, -10 )

[node name="RayCast99" type="RayCast" parent="Head/Camera"]
transform = Transform( 0.90799, 0, 0.418993, 0.0682303, 0.986652, -0.14786, -0.4134, 0.162844, 0.89587, 0, -0.00744259, 6.50964e-10 )
enabled = true
cast_to = Vector3( 0, 0, -10 )

[node name="RayCast100" type="RayCast" parent="Head/Camera"]
transform = Transform( 0.921735, 0, 0.387821, 0.0631543, 0.986652, -0.150099, -0.382645, 0.162844, 0.909431, 0, -0.00744259, 6.50964e-10 )
enabled = true
cast_to = Vector3( 0, 0, -10 )

[node name="RayCast101" type="RayCast" parent="Head/Camera"]
transform = Transform( 0.969304, 0, 0.245866, 0.0400377, 0.986652, -0.157845, -0.242584, 0.162844, 0.956365, 0, -0.00744259, 6.50964e-10 )
enabled = true
cast_to = Vector3( 0, 0, -10 )

[node name="RayCast102" type="RayCast" parent="Head/Camera"]
transform = Transform( 0.977116, 0, 0.212706, 0.0346379, 0.986652, -0.159117, -0.209867, 0.162844, 0.964073, 0, -0.00744259, 6.50964e-10 )
enabled = true
cast_to = Vector3( 0, 0, -10 )

[node name="RayCast103" type="RayCast" parent="Head/Camera"]
transform = Transform( 0.953154, 0, 0.302486, 0.049258, 0.986652, -0.155215, -0.298449, 0.162844, 0.940431, 0, -0.00744259, 6.50964e-10 )
enabled = true
cast_to = Vector3( 0, 0, -10 )

[node name="RayCast104" type="RayCast" parent="Head/Camera"]
transform = Transform( 0.962904, 0, 0.269844, 0.0439425, 0.986652, -0.156803, -0.266242, 0.162844, 0.950051, 0, -0.00744259, 6.50964e-10 )
enabled = true
cast_to = Vector3( 0, 0, -10 )

[node name="RayCast105" type="RayCast" parent="Head/Camera"]
transform = Transform( 0.88216, 0, 0.47095, 0.0766913, 0.986652, -0.143654, -0.464664, 0.162844, 0.870385, 0, -0.00744259, 6.50964e-10 )
enabled = true
cast_to = Vector3( 0, 0, -10 )

[node name="RayCast106" type="RayCast" parent="Head/Camera"]
transform = Transform( 0.897689, 0, 0.440629, 0.0717537, 0.986652, -0.146183, -0.434747, 0.162844, 0.885707, 0, -0.00744259, 6.50964e-10 )
enabled = true
cast_to = Vector3( 0, 0, -10 )

[node name="RayCast107" type="RayCast" parent="Head/Camera"]
transform = Transform( 0.852914, 0, 0.522052, 0.0850129, 0.986652, -0.138892, -0.515084, 0.162844, 0.841529, 0, -0.00744259, 6.50964e-10 )
enabled = true
cast_to = Vector3( 0, 0, -10 )

[node name="RayCast108" type="RayCast" parent="Head/Camera"]
transform = Transform( 0.870201, 0, 0.492697, 0.0802327, 0.986652, -0.141707, -0.48612, 0.162844, 0.858585, 0, -0.00744259, 6.50964e-10 )
enabled = true
cast_to = Vector3( 0, 0, -10 )

[node name="RayCast109" type="RayCast" parent="Head/Camera"]
transform = Transform( 1, 0, 0, 0, 0.975323, -0.220783, 0, 0.220783, 0.975323, 0, -0.00744259, -5.85711e-09 )
enabled = true
cast_to = Vector3( 0, 0, -10 )

[node name="RayCast110" type="RayCast" parent="Head/Camera"]
transform = Transform( 0.99942, 0, -0.0340622, -0.00752035, 0.975323, -0.220654, 0.0332217, 0.220783, 0.974757, 0, -0.00744259, -5.85711e-09 )
enabled = true
cast_to = Vector3( 0, 0, -10 )

[node name="RayCast111" type="RayCast" parent="Head/Camera"]
transform = Transform( 0.998267, 0, 0.0588534, 0.0129938, 0.975323, -0.2204, -0.0574011, 0.220783, 0.973632, 0, -0.00744259, -5.85711e-09 )
enabled = true
cast_to = Vector3( 0, 0, -10 )

[node name="RayCast112" type="RayCast" parent="Head/Camera"]
transform = Transform( 0.999692, 0, 0.024816, 0.00547895, 0.975323, -0.220715, -0.0242037, 0.220783, 0.975023, 0, -0.00744259, -5.85711e-09 )
enabled = true
cast_to = Vector3( 0, 0, -10 )

[node name="RayCast113" type="RayCast" parent="Head/Camera"]
transform = Transform( 0.992193, 0, -0.12471, -0.0275338, 0.975323, -0.219059, 0.121632, 0.220783, 0.967709, 0, -0.00744259, -5.85711e-09 )
enabled = true
cast_to = Vector3( 0, 0, -10 )

[node name="RayCast114" type="RayCast" parent="Head/Camera"]
transform = Transform( 0.98737, 0, -0.158434, -0.0349794, 0.975323, -0.217994, 0.154524, 0.220783, 0.963004, 0, -0.00744259, -5.85711e-09 )
enabled = true
cast_to = Vector3( 0, 0, -10 )

[node name="RayCast115" type="RayCast" parent="Head/Camera"]
transform = Transform( 0.997813, 0, -0.0660997, -0.0145937, 0.975323, -0.2203, 0.0644686, 0.220783, 0.97319, 0, -0.00744259, -5.85711e-09 )
enabled = true
cast_to = Vector3( 0, 0, -10 )

[node name="RayCast116" type="RayCast" parent="Head/Camera"]
transform = Transform( 0.994983, 0, -0.100049, -0.0220891, 0.975323, -0.219675, 0.0975802, 0.220783, 0.970429, 0, -0.00744259, -5.85711e-09 )
enabled = true
cast_to = Vector3( 0, 0, -10 )

[node name="RayCast117" type="RayCast" parent="Head/Camera"]
transform = Transform( 0.993173, 0, 0.116653, 0.025755, 0.975323, -0.219275, -0.113775, 0.220783, 0.968664, 0, -0.00744259, -5.85711e-09 )
enabled = true
cast_to = Vector3( 0, 0, -10 )

[node name="RayCast118" type="RayCast" parent="Head/Camera"]
transform = Transform( 0.99657, 0, 0.082756, 0.0182711, 0.975323, -0.220025, -0.0807139, 0.220783, 0.971978, 0, -0.00744259, -5.85711e-09 )
enabled = true
cast_to = Vector3( 0, 0, -10 )

[node name="RayCast119" type="RayCast" parent="Head/Camera"]
transform = Transform( 0.984586, 0, 0.174903, 0.0386155, 0.975323, -0.217379, -0.170587, 0.220783, 0.960289, 0, -0.00744259, -5.85711e-09 )
enabled = true
cast_to = Vector3( 0, 0, -10 )

[node name="RayCast120" type="RayCast" parent="Head/Camera"]
transform = Transform( 0.989972, 0, 0.141264, 0.0311886, 0.975323, -0.218569, -0.137778, 0.220783, 0.965542, 0, -0.00744259, -5.85711e-09 )
enabled = true
cast_to = Vector3( 0, 0, -10 )

[node name="RayCast121" type="RayCast" parent="Head/Camera"]
transform = Transform( 0.928784, 0, -0.370622, -0.0818269, 0.975323, -0.205059, 0.361476, 0.220783, 0.905864, 0, -0.00744259, -5.85711e-09 )
enabled = true
cast_to = Vector3( 0, 0, -10 )

[node name="RayCast122" type="RayCast" parent="Head/Camera"]
transform = Transform( 0.91562, 0, -0.402044, -0.0887642, 0.975323, -0.202153, 0.392122, 0.220783, 0.893026, 0, -0.00744259, -5.85711e-09 )
enabled = true
cast_to = Vector3( 0, 0, -10 )

[node name="RayCast123" type="RayCast" parent="Head/Camera"]
transform = Transform( 0.948986, 0, -0.315318, -0.0696167, 0.975323, -0.20952, 0.307537, 0.220783, 0.925568, 0, -0.00744259, -5.85711e-09 )
enabled = true
cast_to = Vector3( 0, 0, -10 )

[node name="RayCast124" type="RayCast" parent="Head/Camera"]
transform = Transform( 0.937695, 0, -0.347459, -0.076713, 0.975323, -0.207027, 0.338885, 0.220783, 0.914556, 0, -0.00744259, -5.85711e-09 )
enabled = true
cast_to = Vector3( 0, 0, -10 )

[node name="RayCast125" type="RayCast" parent="Head/Camera"]
transform = Transform( 0.875313, 0, -0.483557, -0.106761, 0.975323, -0.193254, 0.471625, 0.220783, 0.853713, 0, -0.00744259, -5.85711e-09 )
enabled = true
cast_to = Vector3( 0, 0, -10 )

[node name="RayCast126" type="RayCast" parent="Head/Camera"]
transform = Transform( 0.858334, 0, -0.513092, -0.113282, 0.975323, -0.189505, 0.50043, 0.220783, 0.837153, 0, -0.00744259, -5.85711e-09 )
enabled = true
cast_to = Vector3( 0, 0, -10 )

[node name="RayCast127" type="RayCast" parent="Head/Camera"]
transform = Transform( 0.902254, 0, -0.431204, -0.0952023, 0.975323, -0.199202, 0.420563, 0.220783, 0.87999, 0, -0.00744259, -5.85711e-09 )
enabled = true
cast_to = Vector3( 0, 0, -10 )

[node name="RayCast128" type="RayCast" parent="Head/Camera"]
transform = Transform( 0.887043, 0, -0.461687, -0.101932, 0.975323, -0.195844, 0.450294, 0.220783, 0.865154, 0, -0.00744259, -5.85711e-09 )
enabled = true
cast_to = Vector3( 0, 0, -10 )

[node name="RayCast129" type="RayCast" parent="Head/Camera"]
transform = Transform( 0.965677, 0, -0.259746, -0.0573474, 0.975323, -0.213205, 0.253336, 0.220783, 0.941847, 0, -0.00744259, -5.85711e-09 )
enabled = true
cast_to = Vector3( 0, 0, -10 )

[node name="RayCast130" type="RayCast" parent="Head/Camera"]
transform = Transform( 0.956269, 0, -0.292489, -0.0645764, 0.975323, -0.211128, 0.285271, 0.220783, 0.932671, 0, -0.00744259, -5.85711e-09 )
enabled = true
cast_to = Vector3( 0, 0, -10 )

[node name="RayCast131" type="RayCast" parent="Head/Camera"]
transform = Transform( 0.97929, 0, -0.202463, -0.0447002, 0.975323, -0.21621, 0.197466, 0.220783, 0.955124, 0, -0.00744259, -5.85711e-09 )
enabled = true
cast_to = Vector3( 0, 0, -10 )

[node name="RayCast132" type="RayCast" parent="Head/Camera"]
transform = Transform( 0.971825, 0, -0.235702, -0.0520389, 0.975323, -0.214562, 0.229885, 0.220783, 0.947844, 0, -0.00744259, -5.85711e-09 )
enabled = true
cast_to = Vector3( 0, 0, -10 )

[node name="RayCast133" type="RayCast" parent="Head/Camera"]
transform = Transform( 0.931075, 0, 0.364828, 0.0805477, 0.975323, -0.205565, -0.355825, 0.220783, 0.908099, 0, -0.00744259, -5.85711e-09 )
enabled = true
cast_to = Vector3( 0, 0, -10 )

[node name="RayCast134" type="RayCast" parent="Head/Camera"]
transform = Transform( 0.942961, 0, 0.332902, 0.0734989, 0.975323, -0.208189, -0.324687, 0.220783, 0.919692, 0, -0.00744259, -5.85711e-09 )
enabled = true
cast_to = Vector3( 0, 0, -10 )

[node name="RayCast135" type="RayCast" parent="Head/Camera"]
transform = Transform( 0.90799, 0, 0.418993, 0.0925063, 0.975323, -0.200468, -0.408653, 0.220783, 0.885583, 0, -0.00744259, -5.85711e-09 )
enabled = true
cast_to = Vector3( 0, 0, -10 )

[node name="RayCast136" type="RayCast" parent="Head/Camera"]
transform = Transform( 0.921735, 0, 0.387821, 0.0856242, 0.975323, -0.203503, -0.378251, 0.220783, 0.898989, 0, -0.00744259, -5.85711e-09 )
enabled = true
cast_to = Vector3( 0, 0, -10 )

[node name="RayCast137" type="RayCast" parent="Head/Camera"]
transform = Transform( 0.969304, 0, 0.245866, 0.0542829, 0.975323, -0.214005, -0.239799, 0.220783, 0.945385, 0, -0.00744259, -5.85711e-09 )
enabled = true
cast_to = Vector3( 0, 0, -10 )

[node name="RayCast138" type="RayCast" parent="Head/Camera"]
transform = Transform( 0.977116, 0, 0.212706, 0.0469619, 0.975323, -0.21573, -0.207457, 0.220783, 0.953004, 0, -0.00744259, -5.85711e-09 )
enabled = true
cast_to = Vector3( 0, 0, -10 )

[node name="RayCast139" type="RayCast" parent="Head/Camera"]
transform = Transform( 0.953154, 0, 0.302486, 0.0667837, 0.975323, -0.21044, -0.295022, 0.220783, 0.929633, 0, -0.00744259, -5.85711e-09 )
enabled = true
cast_to = Vector3( 0, 0, -10 )

[node name="RayCast140" type="RayCast" parent="Head/Camera"]
transform = Transform( 0.962904, 0, 0.269844, 0.0595769, 0.975323, -0.212592, -0.263185, 0.220783, 0.939143, 0, -0.00744259, -5.85711e-09 )
enabled = true
cast_to = Vector3( 0, 0, -10 )

[node name="RayCast141" type="RayCast" parent="Head/Camera"]
transform = Transform( 0.88216, 0, 0.47095, 0.103978, 0.975323, -0.194766, -0.459329, 0.220783, 0.860391, 0, -0.00744259, -5.85711e-09 )
enabled = true
cast_to = Vector3( 0, 0, -10 )

[node name="RayCast142" type="RayCast" parent="Head/Camera"]
transform = Transform( 0.897689, 0, 0.440629, 0.0972831, 0.975323, -0.198194, -0.429755, 0.220783, 0.875537, 0, -0.00744259, -5.85711e-09 )
enabled = true
cast_to = Vector3( 0, 0, -10 )

[node name="RayCast143" type="RayCast" parent="Head/Camera"]
transform = Transform( 0.852914, 0, 0.522052, 0.11526, 0.975323, -0.188308, -0.509169, 0.220783, 0.831866, 0, -0.00744259, -5.85711e-09 )
enabled = true
cast_to = Vector3( 0, 0, -10 )

[node name="RayCast144" type="RayCast" parent="Head/Camera"]
transform = Transform( 0.870201, 0, 0.492697, 0.108779, 0.975323, -0.192125, -0.480539, 0.220783, 0.848727, 0, -0.00744259, -5.85711e-09 )
enabled = true
cast_to = Vector3( 0, 0, -10 )

[node name="RayCast145" type="RayCast" parent="Head/Camera"]
transform = Transform( 1, 0, 0, 0, 0.953233, 0.302237, 0, -0.302237, 0.953233, 0, -0.00744259, 2.51737e-09 )
enabled = true
cast_to = Vector3( 0, 0, -10 )

[node name="RayCast146" type="RayCast" parent="Head/Camera"]
transform = Transform( 0.99942, 0, -0.0340622, 0.0102949, 0.953233, 0.302061, 0.0324692, -0.302237, 0.95268, 0, -0.00744259, 2.51737e-09 )
enabled = true
cast_to = Vector3( 0, 0, -10 )

[node name="RayCast147" type="RayCast" parent="Head/Camera"]
transform = Transform( 0.998267, 0, 0.0588534, -0.0177877, 0.953233, 0.301713, -0.056101, -0.302237, 0.951581, 0, -0.00744259, 2.51737e-09 )
enabled = true
cast_to = Vector3( 0, 0, -10 )

[node name="RayCast148" type="RayCast" parent="Head/Camera"]
transform = Transform( 0.999692, 0, 0.024816, -0.00750032, 0.953233, 0.302144, -0.0236555, -0.302237, 0.952939, 0, -0.00744259, 2.51737e-09 )
enabled = true
cast_to = Vector3( 0, 0, -10 )

[node name="RayCast149" type="RayCast" parent="Head/Camera"]
transform = Transform( 0.992193, 0, -0.12471, 0.0376919, 0.953233, 0.299877, 0.118878, -0.302237, 0.945791, 0, -0.00744259, 2.51737e-09 )
enabled = true
cast_to = Vector3( 0, 0, -10 )

[node name="RayCast150" type="RayCast" parent="Head/Camera"]
transform = Transform( 0.98737, 0, -0.158434, 0.0478845, 0.953233, 0.298419, 0.151024, -0.302237, 0.941193, 0, -0.00744259, 2.51737e-09 )
enabled = true
cast_to = Vector3( 0, 0, -10 )

[node name="RayCast151" type="RayCast" parent="Head/Camera"]
transform = Transform( 0.997813, 0, -0.0660997, 0.0199778, 0.953233, 0.301576, 0.0630084, -0.302237, 0.951148, 0, -0.00744259, 2.51737e-09 )
enabled = true
cast_to = Vector3( 0, 0, -10 )

[node name="RayCast152" type="RayCast" parent="Head/Camera"]
transform = Transform( 0.994983, 0, -0.100049, 0.0302385, 0.953233, 0.30072, 0.0953701, -0.302237, 0.94845, 0, -0.00744259, 2.51737e-09 )
enabled = true
cast_to = Vector3( 0, 0, -10 )

[node name="RayCast153" type="RayCast" parent="Head/Camera"]
transform = Transform( 0.993173, 0, 0.116653, -0.035257, 0.953233, 0.300173, -0.111198, -0.302237, 0.946725, 0, -0.00744259, 2.51737e-09 )
enabled = true
cast_to = Vector3( 0, 0, -10 )

[node name="RayCast154" type="RayCast" parent="Head/Camera"]
transform = Transform( 0.99657, 0, 0.082756, -0.0250119, 0.953233, 0.3012, -0.0788858, -0.302237, 0.949963, 0, -0.00744259, 2.51737e-09 )
enabled = true
cast_to = Vector3( 0, 0, -10 )

[node name="RayCast155" type="RayCast" parent="Head/Camera"]
transform = Transform( 0.984586, 0, 0.174903, -0.0528621, 0.953233, 0.297578, -0.166723, -0.302237, 0.938539, 0, -0.00744259, 2.51737e-09 )
enabled = true
cast_to = Vector3( 0, 0, -10 )

[node name="RayCast156" type="RayCast" parent="Head/Camera"]
transform = Transform( 0.989972, 0, 0.141264, -0.0426952, 0.953233, 0.299206, -0.134658, -0.302237, 0.943674, 0, -0.00744259, 2.51737e-09 )
enabled = true
cast_to = Vector3( 0, 0, -10 )

[node name="RayCast157" type="RayCast" parent="Head/Camera"]
transform = Transform( 0.928784, 0, -0.370622, 0.112016, 0.953233, 0.280713, 0.353289, -0.302237, 0.885347, 0, -0.00744259, 2.51737e-09 )
enabled = true
cast_to = Vector3( 0, 0, -10 )

[node name="RayCast158" type="RayCast" parent="Head/Camera"]
transform = Transform( 0.91562, 0, -0.402044, 0.121512, 0.953233, 0.276734, 0.383241, -0.302237, 0.8728, 0, -0.00744259, 2.51737e-09 )
enabled = true
cast_to = Vector3( 0, 0, -10 )

[node name="RayCast159" type="RayCast" parent="Head/Camera"]
transform = Transform( 0.948986, 0, -0.315318, 0.0953006, 0.953233, 0.286819, 0.300571, -0.302237, 0.904605, 0, -0.00744259, 2.51737e-09 )
enabled = true
cast_to = Vector3( 0, 0, -10 )

[node name="RayCast160" type="RayCast" parent="Head/Camera"]
transform = Transform( 0.937695, 0, -0.347459, 0.105015, 0.953233, 0.283406, 0.33121, -0.302237, 0.893842, 0, -0.00744259, 2.51737e-09 )
enabled = true
cast_to = Vector3( 0, 0, -10 )

[node name="RayCast161" type="RayCast" parent="Head/Camera"]
transform = Transform( 0.875313, 0, -0.483557, 0.146149, 0.953233, 0.264552, 0.460943, -0.302237, 0.834377, 0, -0.00744259, 2.51737e-09 )
enabled = true
cast_to = Vector3( 0, 0, -10 )

[node name="RayCast162" type="RayCast" parent="Head/Camera"]
transform = Transform( 0.858334, 0, -0.513092, 0.155075, 0.953233, 0.25942, 0.489096, -0.302237, 0.818192, 0, -0.00744259, 2.51737e-09 )
enabled = true
cast_to = Vector3( 0, 0, -10 )

[node name="RayCast163" type="RayCast" parent="Head/Camera"]
transform = Transform( 0.902254, 0, -0.431204, 0.130326, 0.953233, 0.272694, 0.411038, -0.302237, 0.860059, 0, -0.00744259, 2.51737e-09 )
enabled = true
cast_to = Vector3( 0, 0, -10 )

[node name="RayCast164" type="RayCast" parent="Head/Camera"]
transform = Transform( 0.887043, 0, -0.461687, 0.139539, 0.953233, 0.268097, 0.440095, -0.302237, 0.845559, 0, -0.00744259, 2.51737e-09 )
enabled = true
cast_to = Vector3( 0, 0, -10 )

[node name="RayCast165" type="RayCast" parent="Head/Camera"]
transform = Transform( 0.965677, 0, -0.259746, 0.0785048, 0.953233, 0.291863, 0.247599, -0.302237, 0.920515, 0, -0.00744259, 2.51737e-09 )
enabled = true
cast_to = Vector3( 0, 0, -10 )

[node name="RayCast166" type="RayCast" parent="Head/Camera"]
transform = Transform( 0.956269, 0, -0.292489, 0.0884008, 0.953233, 0.28902, 0.27881, -0.302237, 0.911547, 0, -0.00744259, 2.51737e-09 )
enabled = true
cast_to = Vector3( 0, 0, -10 )

[node name="RayCast167" type="RayCast" parent="Head/Camera"]
transform = Transform( 0.97929, 0, -0.202463, 0.0611916, 0.953233, 0.295977, 0.192994, -0.302237, 0.933491, 0, -0.00744259, 2.51737e-09 )
enabled = true
cast_to = Vector3( 0, 0, -10 )

